  -2.5507519405365326       -1.7630805438994726       -2.2253703055381195     
  -2.1752639098644639       -2.2143906160831257       -1.3256326489448269     
  -2.6694931221961240       -2.1829044687271004      -0.45115449523926021     
  -3.0720915113450209       -2.3714755778789254       0.49028528566361146     
  -2.9357158246993826       -2.1878562836646327        1.4906244900703696     
  -2.1745670428276154       -2.5866539329051954        2.0346184874057824     
  -3.0853404284953516      -0.84678303465843774       -2.1604388330936550     
  -2.4661254299640420       -1.2032292076587436       -1.3786217543602284     
  -2.9797863887309615       -1.2228358984947465      -0.48052065644264152     
  -2.4402067303657389       -1.5597293200015918       0.40421132340430899     
  -2.4210544308185455       -1.2932953094958850        1.3685133116245247     
  -2.6975334531784458       -1.7142391829967913        2.3434364900112477     
  -2.3335129503726302      -0.32540134096146645       -2.7670435509681353     
  -2.7501236380576972      -0.14661399631500144       -1.5138649114131935     
  -2.3169326616764310      -0.46891369485854445      -0.56648649463654366     
  -2.7490971364497425      -0.59847340278623662       0.34296962423324440     
  -2.6576846752167240      -0.27760445380211368        1.3079846819877425     
  -2.4754893752097860      -0.71780614042281710        2.2055067959785895     
  -2.6626510267258743       0.50477608485222358       -2.2713615077973137     
  -2.0391655873298036       0.53147769722939064       -1.3191355701446663     
  -2.5958206839562648       0.50559871673583578      -0.47645498847961393     
  -2.0315324682235376       0.10932899708747361       0.25162165665626390     
  -2.9801928643226350       0.38772420535086949       0.44529150471683998     
  -2.9807113575458017       0.56102976217272660        1.7610743964672080     
  -2.9528418482780534        1.4526789327621832       -2.1376326375484211     
  -2.3195844581127121        1.5027589648246817       -1.2994363162040747     
  -2.8491841762543459        1.5377387792109980      -0.42931946358681156     
  -2.2407433152676011        1.1001647988796228       0.25086153912544773     
  -2.8629999383926226        1.3520051174640573        1.0183720387458879     
  -2.2676155187606835        1.2768775187492705        1.9470454770565118     
  -2.3717908384799435        1.6886600176333906       -2.9463358367443839     
  -2.1898832898617417        2.1496733192920559       -2.0542449163913461     
  -2.4217149785995624        2.3876110051631940      -0.81699231190681576     
  -2.4050193152904904        2.0836593541621999       0.34274879074095999     
  -2.5256631204129274        2.2269773889541979        1.5180345895767575     
  -2.0655713729381890        2.2060648708344592        2.4172099717615767     
  -1.5743082905769188       -2.0458641958713946       -2.2133176592349644     
  -1.3631866279124418       -2.7801211423396608       -1.5516217091083797     
  -1.4835074710369136       -2.3134832887649042      -0.60226481528282816     
  -2.0968445919513861       -2.5915122623443612       0.26221967906952248     
  -1.9171137241840299       -2.1313315585613548        1.1578774858951628     
  -1.3962264544963792       -2.4136882648944962        2.6428890750884682     
  -1.8212761289596893       -1.0408582849025623       -2.2470330106735115     
  -1.4918262450695325       -1.4633664215087325       -1.3987425555705850     
  -2.0009730366707386       -1.4374897396087705      -0.52317317008972819     
  -1.4523389966964697       -1.8174950298309378       0.31170333771705461     
  -1.4347436239719433       -1.2505103510379663        1.1592588001728232     
  -1.7179605290412967       -1.6889419255256759        2.0324939705848570     
 -0.96630148830414675      -0.51665909943580157       -2.0355239840031394     
  -1.7987398888110981      -0.45769515123367277       -1.4304451683521129     
  -1.2932014840126007      -0.35126774349212608      -0.56549349336626265     
  -1.7148199141501923      -0.85128998799321731       0.24235058050155361     
  -1.6639438503265542      -0.26924126443863566        1.1158962872028311     
  -1.4505319193363262      -0.69653375568391129        2.0224510149002444     
  -1.6643471877097888       0.19126662182807416       -2.1885072719574188     
  -1.0781301059722728       0.25226197977066167       -1.3718131976604184     
  -1.5699005652904343       0.69299613299369900      -0.44005738830564978     
  -1.3106645316600765       0.89140845375061695       0.56583252773286641     
  -2.1866089690208308       0.61215439043045339        1.1258412548064842     
  -1.9947137728690876       0.15341967935561887        2.0018613434791495     
  -1.9106803955077702        1.1876653554916587       -2.2127607595444503     
  -1.3318820014476576        1.2548472869873302       -1.2991248663902681     
  -1.8069287560940253        1.6700884756088297      -0.44862770237921573     
  -1.2214035037040827        1.8731345007419493       0.33669021263123039     
  -1.8828138455868106        1.5714270826339889        1.0659885210513591     
  -1.3622507145404792       0.92996135292052373        1.6555782694340193     
  -1.1970065646648305        1.8869608440399219       -2.0977398936272764     
  -1.4632109833717184        2.3057319346905314       -1.1540684045791596     
  -1.7197700912476110        2.6517384191989466      -0.13422443680762647     
  -1.7610117873192164        2.6081813846111559       0.90463252096178204     
  -1.3170478145599636        2.1070036822319027        1.7093394477844361     
  -1.4314827061653030        1.4389502986431086        2.5194959037780573     
 -0.45810407471655684       -2.4711593246459840       -2.0324907171249507     
 -0.74620158119202440       -3.0209758306026204      -0.78993035421371882     
 -0.61893895606993754       -2.2573624834537815       -4.5797495269776077E-002
  -1.1544131224155540       -2.7073018799305020       0.68298065991401213     
  -1.0909911577701512       -2.4899092372893907        1.6579409616947351     
 -0.36167699151038019       -2.3295158056258498        2.6840546130657255     
 -0.73321383895874115       -1.5080296309470995       -2.1282553116798852     
 -0.67134104652405080       -2.0661282753467507       -1.1402847665786573     
 -0.99198374590875116       -1.3455998375892617      -0.48309740343094543     
 -0.74307983546256029       -1.0349506231307877       0.44305029153824260     
 -0.64733079299926188       -1.8826484370231333       0.96910986399649179     
 -0.70453973031044714       -1.5830380161762689        1.9612256675244006     
   1.7675078344342298E-002 -0.83686403279302790       -2.1844250629902420     
 -0.49550641450879773      -0.99996164960859613       -1.2883972092151634     
 -0.29335119266510096      -0.62417881360053862      -0.37998502874374918     
  -1.0174011363029623       -6.3714471530910408E-002  0.35789909706115358     
 -0.70483436565397772      -0.55317642602920125        1.3203306125641061     
 -0.20447228703498960      -0.68099230709075520        2.2208591183663353     
 -0.25544100265501951       0.16271301860809578       -2.2228077817440020     
  -8.5876824378965530E-002  -6.7736955261230622E-002  -1.2392250048160649     
 -0.59547812700272129       0.36314547195434144      -0.47657399353983021     
 -0.33182373690605482       0.89650555605886229       0.32843572974205215     
 -0.62104078998566403       0.44431433615683785        1.1743994228363268     
 -0.83601806759832242        9.4975072860719018E-002   2.0927997016906694     
 -0.93927431502343350       0.89364566102030762       -2.1455632316112774     
 -0.35184487376213142       0.95040273475646497       -1.2688949114799670     
 -0.80489855256081411        1.3895584415912456      -0.44822876114844412     
 -0.22095999193191246        1.9162015254497640       0.32431655111313262     
 -0.64733591051101314        1.4897076424598903        1.1315152538299564     
 -0.53271660518646369        1.2666832032680320        2.1034803566932663     
 -0.21022296299934395        1.5847940013885047       -2.1135518016814920     
 -0.51451046881673890        1.9551160236835730       -1.2315392870902790     
 -0.75317071866989382        2.4059565575123076      -0.36947748222351451     
 -0.76636996254920053        2.5170592956066025       0.95899960289001618     
 -0.20691200237275550        2.1909990138053557        1.7694442936420112     
  -1.1157669774532222        2.3870280966282902        2.6860658868312246     
  0.57186819233891562       -2.4890095855236272       -2.0892808093070605     
  0.13889673829078394       -2.6596636666775408       -1.2000455122470954     
  0.36595795707702328       -2.4813295278072278      -0.20573421783448184     
   1.6755985593794914E-002  -2.6184292950629557       0.72717503314018250     
  0.71009888091086781       -1.9621563688278361        1.1629384685039501     
  -9.4392214393611479E-002  -2.3479412588596631        1.7003060922622673     
   7.8144689798351610E-002  -1.7928865743636802       -2.6583904942035477     
  0.14020484199524255       -1.7158719486236691       -1.6206299921512515     
   3.5191892623902959E-002  -1.5537006649970764      -0.60494334635733449     
  0.14244563956260323       -1.6657610932349924       0.38910976057054275     
  0.10514259014129558       -1.1620549808502392        1.2537432023048893     
  0.32981766486168540       -1.5594027925968150        2.1685962768556202     
  0.91553514471053887       -1.3464859503269349       -2.1341241826533901     
  0.71552756457328770      -0.12188088021277653       -1.8785685680389399     
  0.52525738682746692      -0.87376695399283799       -1.2134942131519151     
  -2.9764910173425051E-002 -0.34043350105285464       0.54532859754563634     
