   2.0000000000000000E-002   0.0000000000000000       0.58750555164781670     
   5.9999999999999998E-002   0.0000000000000000       0.47559973228632779     
  0.10000000000000001        0.0000000000000000       0.45989365237594354     
  0.14000000000000001        0.0000000000000000       0.45518448145686691     
  0.17999999999999999        0.0000000000000000       0.42301011225852420     
  0.22000000000000000        0.0000000000000000       0.33264312238772270     
  0.26000000000000001        0.0000000000000000       0.35282641865613762     
  0.30000000000000004        0.0000000000000000       0.39200145007101439     
  0.33999999999999997        0.0000000000000000       0.41440392323457692     
  0.38000000000000000        0.0000000000000000       0.46021784383165776     
  0.42000000000000004        0.0000000000000000       0.47120463968300697     
  0.45999999999999996        0.0000000000000000       0.48180106232651115     
  0.50000000000000000        0.0000000000000000       0.46649296873487744     
  0.54000000000000004        0.0000000000000000       0.43947413337910696     
  0.58000000000000007        0.0000000000000000       0.43248968539284416     
  0.62000000000000000        0.0000000000000000       0.44762327744595515     
  0.66000000000000003        0.0000000000000000       0.43264771288023979     
  0.69999999999999996        0.0000000000000000       0.42394933143848890     
  0.73999999999999999        0.0000000000000000       0.42598488345549534     
  0.78000000000000003        0.0000000000000000       0.41372133918189902     
  0.82000000000000006        0.0000000000000000       0.41529098546548959     
  0.85999999999999999        0.0000000000000000       0.42546264414774176     
  0.90000000000000002        0.0000000000000000       0.44118322892114714     
  0.93999999999999995        0.0000000000000000       0.45103943276442426     
  0.97999999999999998        1.5570090635757775E-005  0.45447888103815481     
   1.0200000000000000        1.1797399749767365       0.46234521165206272     
   1.0600000000000001        1.0959191869276959       0.46842968690720993     
   1.1000000000000001        1.0191510470662635       0.45332789318246680     
   1.1400000000000001       0.95026503720514099       0.43359487046403888     
   1.1799999999999999       0.89123744640899483       0.43750132250945389     
   1.2200000000000000       0.83605127667216028       0.43369686352326681     
   1.2600000000000000       0.78595792019406918       0.42370029170909213     
   1.3000000000000000       0.74234972629976981       0.42386668546885226     
   1.3400000000000001       0.70149048884757603       0.42663747422592679     
   1.3800000000000001       0.66544882705711339       0.41752110299015732     
   1.4199999999999999       0.63473711784877818       0.41328842530518123     
   1.4600000000000000       0.60803539327759804       0.41082529181153382     
   1.5000000000000000       0.58329673417208050       0.40588073579624090     
   1.5400000000000000       0.56218331813644462       0.40362972028411109     
   1.5800000000000001       0.54363729705272124       0.40255176036922019     
   1.6200000000000001       0.52790107692991572       0.40482193564383945     
   1.6600000000000001       0.51405299316025865       0.40610528717772171     
   1.7000000000000000       0.50312682059104152       0.42199755381748844     
   1.7400000000000000       0.49309710667415674       0.42442044586705485     
   1.7800000000000000       0.48586886495419923       0.42269514641751094     
   1.8200000000000001       0.48150069826710007       0.42935067210020766     
   1.8600000000000001       0.47858888444566372       0.42244288676798503     
   1.8999999999999999       0.47687867384595617       0.42047480553556327     
   1.9399999999999999       0.47621505836151096       0.41685195217020576     
   1.9800000000000000       0.47788662891395622       0.41956436354946242     
   2.0200000000000000       0.48067964486223902       0.41817322290611070     
   2.0600000000000001       0.48132894715667024       0.41589647048421380     
   2.1000000000000001       0.48060754815239548       0.42640438770428440     
   2.1400000000000001       0.47943028464275755       0.43068818809458170     
   2.1800000000000002       0.47658894322707873       0.42895242378915993     
   2.2200000000000002       0.47197209240432392       0.42792179031077598     
   2.2600000000000002       0.46753425989244585       0.42377157505777147     
   2.2999999999999998       0.46211973016336988       0.41770632447773332     
   2.3399999999999999       0.45620820335259726       0.40552462138295736     
   2.3799999999999999       0.45034230911823125       0.39510607274560700     
   2.4199999999999999       0.44398784826227139       0.39598279947086701     
   2.4600000000000000       0.43762085943420737       0.39553797437132626     
   2.5000000000000000       0.43105117371778512       0.39251227945338441     
   2.5400000000000000       0.42427899534221963       0.39079771760733922     
   2.5800000000000001       0.41828045712388695       0.38640204035876713     
   2.6200000000000001       0.41227120447281901       0.39259487392573622     
   2.6600000000000001       0.40672152403933731       0.39777864123981738     
   2.7000000000000002       0.40092029029073722       0.39932232761327524     
   2.7400000000000002       0.39550344416125294       0.40478646327288387     
   2.7800000000000002       0.39032580800647354       0.40555723821354511     
   2.8200000000000003       0.38470993049452323       0.40947703448139844     
   2.8599999999999999       0.37917442345349117       0.41738795994813255     
   2.8999999999999999       0.37387297750452991       0.42730757040193940     
   2.9399999999999999       0.36822880010535841       0.43561528427296936     
   2.9800000000000000       0.36367698076542476       0.44884587870947323     
   3.0200000000000000       0.35929999646393951       0.47075785281480165     
   3.0600000000000001       0.35492643956557224       0.48897739725584860     
   3.1000000000000001       0.35032467381895566       0.50902066804352308     
   3.1400000000000001       0.34537972686437024       0.49904585877125190     
   3.1800000000000002       0.34133995039191950       0.48697071546072795     
   3.2200000000000002       0.33711692743693200       0.46826108745319317     
   3.2600000000000002       0.33298439510525496       0.45255347185125894     
   3.3000000000000003       0.32819641542649436       0.43317400506500664     
   3.3399999999999999       0.32363715613697824       0.41373641700537794     
   3.3799999999999999       0.31955285681486756       0.39864543521385842     
   3.4199999999999999       0.31520183257918272       0.38504630116992966     
   3.4600000000000000       0.31073661389647950       0.37386025774298287     
   3.5000000000000000       0.30610815910368000       0.35971345864218396     
   3.5400000000000000       0.30162873067947610       0.34702853273159201     
   3.5800000000000001       0.29742131434201807       0.33650522115891129     
   3.6200000000000001       0.29306748912213426       0.31921843559425911     
   3.6600000000000001       0.28868920680230203       0.30647641743652382     
   3.7000000000000002       0.28440082610340434       0.29122367989274245     
   3.7400000000000002       0.28038156397548841       0.27700142858363069     
   3.7800000000000002       0.27637025532270065       0.26708911507397132     
   3.8200000000000003       0.27227710389510457       0.25245203291777368     
   3.8599999999999999       0.26800422830638504       0.23885719060781518     
   3.8999999999999999       0.26385723467147848       0.23097407156685429     
   3.9399999999999999       0.25999508355569650       0.22098166625810678     
   3.9800000000000000       0.25567283733686580       0.21438568055363594     
   4.0199999999999996       0.25152192438465526       0.20356338600461082     
   4.0600000000000005       0.24745175241663780       0.19951595493336746     
   4.0999999999999996       0.24323739519679297       0.19266347162556663     
   4.1400000000000006       0.23923537448461296       0.18788398703700618     
   4.1799999999999997       0.23511667439875167       0.18065412215731486     
   4.2200000000000006       0.23108286408753470       0.17104979822261138     
   4.2599999999999998       0.22709815179651149       0.16030587279135683     
   4.3000000000000007       0.22316758284314631       0.14908832924538432     
   4.3399999999999999       0.21928177668658569       0.13386376248251330     
   4.3800000000000008       0.21547231726324428       0.11567505640358859     
   4.4199999999999999       0.21182170735729947        9.8263946730146198E-002
   4.4600000000000009       0.20806487992560627        8.5942131065923327E-002
   4.5000000000000000       0.20425204843515257        7.4368096025933042E-002
   4.5400000000000009       0.20051344405754232        6.5105141899204730E-002
   4.5800000000000001       0.19729241165007422        5.9528654982988254E-002
   4.6200000000000001       0.19394968784639535        5.3743230418597451E-002
   4.6600000000000001       0.19057987631761744        4.8902854970620739E-002
   4.6999999999999993       0.18750155935197851        4.3923374075778454E-002
   4.7400000000000002       0.18417971522112547        3.8808335330707731E-002
   4.7799999999999994       0.18068878134119015        3.4093168432604327E-002
   4.8200000000000003       0.17735800633910986        2.9965674695875560E-002
   4.8599999999999994       0.17408983269842052        2.6742939569112060E-002
   4.9000000000000004       0.17073544094215679        2.3308015864699268E-002
   4.9399999999999995       0.16737912373525490        2.0603417514497405E-002
   4.9800000000000004       0.16384710580143996        1.7938036860187807E-002
   5.0199999999999996       0.16035618150896314        1.5911999711118376E-002
   5.0600000000000005       0.15690793777008061        1.2570669014136964E-002
   5.0999999999999996       0.15342227811295159        1.0258817433109520E-002
   5.1400000000000006       0.14981478652820596        7.6191604709906161E-003
   5.1799999999999997       0.14634564231340561        5.7017599023718229E-003
   5.2200000000000006       0.14284962084208147        3.6262631273197179E-003
   5.2599999999999998       0.13942398765472883        2.1695409877752776E-003
   5.3000000000000007       0.13606973163535435        9.4000265018345114E-004
   5.3399999999999999       0.13269585059828320        2.0511287892393130E-004
   5.3800000000000008       0.12964659126946623        2.0619818938565534E-006
   5.4199999999999999       0.12646628509179475        0.0000000000000000     
   5.4600000000000009       0.12347879522946763        0.0000000000000000     
   5.5000000000000000       0.12056996812333626        0.0000000000000000     
   5.5400000000000009       0.11780470350385547        0.0000000000000000     
   5.5800000000000001       0.11491045336115965        0.0000000000000000     
   5.6200000000000001       0.11228357748073739        0.0000000000000000     
   5.6600000000000001       0.10971989724790644        0.0000000000000000     
   5.6999999999999993       0.10726525313898108        0.0000000000000000     
   5.7400000000000002       0.10487322747807963        0.0000000000000000     
   5.7799999999999994       0.10251380594269136        0.0000000000000000     
   5.8200000000000003       0.10013651158188361        0.0000000000000000     
   5.8599999999999994        9.7874466624541231E-002   0.0000000000000000     
   5.9000000000000004        9.5584444448972558E-002   0.0000000000000000     
   5.9399999999999995        9.3253395466407568E-002   0.0000000000000000     
   5.9800000000000004        9.0871624023134714E-002   0.0000000000000000     
   6.0199999999999996        8.8451637477295758E-002   0.0000000000000000     
   6.0600000000000005        8.5778626591359902E-002   0.0000000000000000     
   6.0999999999999996        8.3000500294050414E-002   0.0000000000000000     
   6.1400000000000006        8.0103324129755529E-002   0.0000000000000000     
   6.1799999999999997        7.6797029155777199E-002   0.0000000000000000     
   6.2200000000000006        7.3381309153430815E-002   0.0000000000000000     
   6.2599999999999998        6.9849899471242219E-002   0.0000000000000000     
   6.3000000000000007        6.6639807412082072E-002   0.0000000000000000     
   6.3399999999999999        6.3469728904762102E-002   0.0000000000000000     
   6.3800000000000008        6.0495830895510715E-002   0.0000000000000000     
   6.4199999999999999        5.7734490358401253E-002   0.0000000000000000     
   6.4600000000000009        5.5098985725347500E-002   0.0000000000000000     
   6.5000000000000000        5.2547396764927416E-002   0.0000000000000000     
   6.5400000000000009        5.0060601836877237E-002   0.0000000000000000     
   6.5800000000000001        4.7636190955511012E-002   0.0000000000000000     
   6.6200000000000010        4.5340656935528141E-002   0.0000000000000000     
   6.6600000000000001        4.3250131182098868E-002   0.0000000000000000     
   6.6999999999999993        4.1199779325785509E-002   0.0000000000000000     
   6.7400000000000002        3.9202362537254287E-002   0.0000000000000000     
   6.7799999999999994        3.7348811625704421E-002   0.0000000000000000     
   6.8200000000000003        3.5496610440437601E-002   0.0000000000000000     
   6.8599999999999994        3.3766555936190580E-002   0.0000000000000000     
   6.9000000000000004        3.2114703475453726E-002   0.0000000000000000     
   6.9399999999999995        3.0518268092883650E-002   0.0000000000000000     
   6.9800000000000004        2.8999599710293752E-002   0.0000000000000000     
   7.0199999999999996        2.7477087691564522E-002   0.0000000000000000     
   7.0600000000000005        2.5989168323865729E-002   0.0000000000000000     
   7.0999999999999996        2.4610067940518138E-002   0.0000000000000000     
   7.1400000000000006        2.3282939349570642E-002   0.0000000000000000     
   7.1799999999999997        2.2054374513735608E-002   0.0000000000000000     
   7.2200000000000006        2.0872841078230790E-002   0.0000000000000000     
   7.2599999999999998        1.9741350430471327E-002   0.0000000000000000     
   7.3000000000000007        1.8672732593912857E-002   0.0000000000000000     
   7.3399999999999999        1.7618843734566857E-002   0.0000000000000000     
   7.3800000000000008        1.6637008135463094E-002   0.0000000000000000     
   7.4199999999999999        1.5705751191615071E-002   0.0000000000000000     
   7.4600000000000009        1.4762810437987373E-002   0.0000000000000000     
   7.5000000000000000        1.3920651717819898E-002   0.0000000000000000     
   7.5400000000000009        1.3096399285365217E-002   0.0000000000000000     
   7.5800000000000001        1.2261720583785213E-002   0.0000000000000000     
   7.6200000000000010        1.1439554250793495E-002   0.0000000000000000     
   7.6600000000000001        1.0718979251979536E-002   0.0000000000000000     
   7.6999999999999993        1.0027416075257953E-002   0.0000000000000000     
   7.7400000000000002        9.3950722074453135E-003   0.0000000000000000     
   7.7799999999999994        8.7508532003658553E-003   0.0000000000000000     
   7.8200000000000003        8.1513954855130400E-003   0.0000000000000000     
   7.8599999999999994        7.6050841226871571E-003   0.0000000000000000     
   7.9000000000000004        7.0775783902234492E-003   0.0000000000000000     
   7.9399999999999995        6.5880793169638026E-003   0.0000000000000000     
   7.9800000000000004        6.1224349731893082E-003   0.0000000000000000     
   8.0199999999999996        5.6658851543466490E-003   0.0000000000000000     
   8.0600000000000005        5.2772631220432036E-003   0.0000000000000000     
   8.1000000000000014        4.9057887065625397E-003   0.0000000000000000     
   8.1400000000000006        4.5701388623460579E-003   0.0000000000000000     
   8.1799999999999997        4.2263146687832251E-003   0.0000000000000000     
   8.2199999999999989        3.9131035786453437E-003   0.0000000000000000     
   8.2599999999999998        3.6009128856518391E-003   0.0000000000000000     
   8.3000000000000007        3.2964195543151061E-003   0.0000000000000000     
   8.3399999999999999        3.0191141140631385E-003   0.0000000000000000     
   8.3799999999999990        2.7640525334820965E-003   0.0000000000000000     
   8.4199999999999999        2.5196508913640217E-003   0.0000000000000000     
   8.4600000000000009        2.2770269743862892E-003   0.0000000000000000     
   8.5000000000000000        2.0544408388431983E-003   0.0000000000000000     
   8.5399999999999991        1.8391222673502122E-003   0.0000000000000000     
   8.5800000000000001        1.6467331158378264E-003   0.0000000000000000     
   8.6200000000000010        1.4859187459361155E-003   0.0000000000000000     
   8.6600000000000001        1.3273138063806399E-003   0.0000000000000000     
   8.6999999999999993        1.1837538070362803E-003   0.0000000000000000     
   8.7400000000000002        1.0616121854206144E-003   0.0000000000000000     
   8.7800000000000011        9.5133043595405195E-004   0.0000000000000000     
   8.8200000000000003        8.5394739415908588E-004   0.0000000000000000     
   8.8599999999999994        7.6291155791116910E-004   0.0000000000000000     
   8.9000000000000004        6.8671218770614286E-004   0.0000000000000000     
   8.9400000000000013        6.1758205613884117E-004   0.0000000000000000     
   8.9800000000000004        5.5419454763448283E-004   0.0000000000000000     
   9.0199999999999996        5.0388886849555821E-004   0.0000000000000000     
   9.0600000000000005        4.4838473319084459E-004   0.0000000000000000     
   9.1000000000000014        4.0209038953305872E-004   0.0000000000000000     
   9.1400000000000006        3.6176811339105604E-004   0.0000000000000000     
   9.1799999999999997        3.2481029213714691E-004   0.0000000000000000     
   9.2200000000000006        2.9122477727742393E-004   0.0000000000000000     
   9.2599999999999998        2.5779443739795086E-004   0.0000000000000000     
   9.3000000000000007        2.2759050470718510E-004   0.0000000000000000     
   9.3399999999999999        2.0590155590860049E-004   0.0000000000000000     
   9.3799999999999990        1.8293503616732164E-004   0.0000000000000000     
   9.4199999999999999        1.6595732352517168E-004   0.0000000000000000     
   9.4600000000000009        1.4324167626851537E-004   0.0000000000000000     
   9.5000000000000000        1.2410341854469586E-004   0.0000000000000000     
   9.5399999999999991        1.0825862447761122E-004   0.0000000000000000     
   9.5800000000000001        9.6841574447443135E-005   0.0000000000000000     
   9.6200000000000010        8.5027166406812752E-005   0.0000000000000000     
   9.6600000000000001        7.5625346016600621E-005   0.0000000000000000     
   9.6999999999999993        6.5580647349325748E-005   0.0000000000000000     
   9.7400000000000002        5.2285092861468974E-005   0.0000000000000000     
   9.7800000000000011        4.2173638724827489E-005   0.0000000000000000     
   9.8200000000000003        3.3721388042739886E-005   0.0000000000000000     
   9.8599999999999994        2.7791415429702762E-005   0.0000000000000000     
   9.9000000000000004        2.2580513246049922E-005   0.0000000000000000     
   9.9400000000000013        1.7898717363070510E-005   0.0000000000000000     
   9.9800000000000004        1.4597614012751607E-005   0.0000000000000000     
