   2.0000000000000000E-002   0.0000000000000000        0.0000000000000000     
   5.9999999999999998E-002   0.0000000000000000        0.0000000000000000     
  0.10000000000000001        0.0000000000000000        0.0000000000000000     
  0.14000000000000001        0.0000000000000000        0.0000000000000000     
  0.17999999999999999        0.0000000000000000        0.0000000000000000     
  0.22000000000000000        0.0000000000000000        0.0000000000000000     
  0.26000000000000001        0.0000000000000000        0.0000000000000000     
  0.30000000000000004        0.0000000000000000        0.0000000000000000     
  0.33999999999999997        0.0000000000000000        0.0000000000000000     
  0.38000000000000000        0.0000000000000000        0.0000000000000000     
  0.42000000000000004        0.0000000000000000        0.0000000000000000     
  0.45999999999999996        0.0000000000000000        0.0000000000000000     
  0.50000000000000000        0.0000000000000000        0.0000000000000000     
  0.54000000000000004        0.0000000000000000        0.0000000000000000     
  0.58000000000000007        0.0000000000000000        1.0952937248439880     
  0.62000000000000000        0.0000000000000000        10.115926502343051     
  0.66000000000000003        0.0000000000000000        3.8448164020157694     
  0.69999999999999996        0.0000000000000000        7.0352107873885059E-002
  0.73999999999999999        0.0000000000000000        0.0000000000000000     
  0.78000000000000003        0.0000000000000000        3.1793283473283036E-002
  0.82000000000000006        0.0000000000000000        1.3689826692507321     
  0.85999999999999999        0.0000000000000000        5.3297869485619547     
  0.90000000000000002        0.0000000000000000        1.3154090725175926     
  0.93999999999999995        0.0000000000000000        2.2629918509985272E-002
  0.97999999999999998        1.3304405162305413E-004   3.5096133797527837E-002
   1.0200000000000000        7.3064582230604991       0.73058076482684631     
   1.0600000000000001        2.1849221699842696       0.93077811310398306     
   1.1000000000000001       0.35468852240929233       0.12331916078821321     
   1.1400000000000001        5.3856202815490389E-002   6.1922444566667352E-002
   1.1799999999999999        1.0736919008729178E-002   1.7518268133326695     
   1.2200000000000000        2.8519871966526137E-003   2.0882737867554746     
   1.2600000000000000        9.1969027527418856E-004  0.21089316377485356     
   1.3000000000000000        8.7174918975553768E-004  0.57692352455136420     
   1.3400000000000001        6.8555644689544479E-003   2.2600078731280302     
   1.3800000000000001        8.0279317130919320E-002  0.48136320058024229     
   1.4199999999999999       0.64092102179185728       0.76576758550506585     
   1.4600000000000000        1.0352187826900379        3.4157312536479072     
   1.5000000000000000       0.34726994914609627        1.3736445957685748     
   1.5400000000000000        5.7092175375223604E-002   1.3397096106570008     
   1.5800000000000001        1.0417556199479497E-002   4.4796234976766867     
   1.6200000000000001        1.7778778234928419E-002   1.3589321795049072     
   1.6600000000000001       0.11726599503368583        1.5646131517751884     
   1.7000000000000000       0.11335778867586246        2.2850570133404249     
   1.7400000000000000       0.98019518637366621       0.32755991743874485     
   1.7800000000000000        2.1746529109388160        1.5698396726620767E-002
   1.8200000000000001       0.80767544714151718        7.0123562865064437E-002
   1.8600000000000001       0.13212006010739399       0.73068560023967688     
   1.8999999999999999        4.8616876645730979E-002  0.78750131531167977     
   1.9399999999999999       0.37665518384861074       0.52507356407361738     
   1.9800000000000000       0.38509962664564945       0.87932053965289347     
   2.0200000000000000       0.51000771268259615       0.65074479631900972     
   2.0600000000000001       0.59939866432169564        1.6769887028305963     
   2.1000000000000001       0.20855363229679005        1.2943906182360736     
   2.1400000000000001        3.9806106261994961E-002   2.7058806270401479     
   2.1800000000000002        1.1270277001804515E-002   2.0017204194208147     
   2.2200000000000002        5.4529876513127747E-002   2.2793832475186120     
   2.2600000000000002       0.46448956360302907        1.4366193405040062     
   2.2999999999999998       0.82316965090636862        1.5027982795446257     
   2.3399999999999999       0.35617252530624965       0.93103981341905484     
   2.3799999999999999        9.7913911943039306E-002  0.69928317961468700     
   2.4199999999999999       0.19549046614987858        1.1204772706885706     
   2.4600000000000000       0.22687357869576946        1.5780829386440640     
   2.5000000000000000       0.24085178813736974       0.98156160111543189     
   2.5400000000000000       0.22397690695560304       0.89966993528578265     
   2.5800000000000001       0.22805460075018538        1.6245822646656540     
   2.6200000000000001       0.19471634682032760        1.3844095750505079     
   2.6600000000000001       0.30671036974359639        1.1004107382630053     
   2.7000000000000002       0.74365822064539100       0.51159041433205010     
   2.7400000000000002       0.63200097193790028       0.22385469878702133     
   2.7800000000000002       0.29564212665312251       0.42786992982041344     
   2.8200000000000003        9.0633660365386962E-002  0.23643741097875115     
   2.8599999999999999        4.5451558170232900E-002  0.20371657762846876     
   2.8999999999999999        9.9307400121012010E-002  0.74627771361493944     
   2.9399999999999999       0.23519172177005629       0.79317142043915922     
   2.9800000000000000       0.20011927452695527       0.55162391273297651     
   3.0200000000000000       0.10843322567124634       0.46866383128414985     
   3.0600000000000001       0.24222040674980763       0.22510287605883531     
   3.1000000000000001       0.23099177014077116        2.3770955607472409E-002
   3.1400000000000001       0.12328333630667350        5.8009994530260739E-004
   3.1800000000000002       0.18234976923436630        0.0000000000000000     
   3.2200000000000002       0.22340881838899207        5.0318572651527531E-004
   3.2600000000000002       0.23351043159873996        3.5256388790905660E-002
   3.3000000000000003       0.20573434595049256        7.3783635146859289E-002
   3.3399999999999999       0.11831920333000109        5.1483881564541506E-002
   3.3799999999999999       0.13991708972053135        1.7420254896869016E-002
   3.4199999999999999       0.16456454495974832        2.7681777850352301E-003
   3.4600000000000000       0.15896976483747385        2.2849453025949498E-005
   3.5000000000000000       0.19936002945395531        0.0000000000000000     
   3.5400000000000000       0.18035691510665838        0.0000000000000000     
   3.5800000000000001       0.15885115761439814        0.0000000000000000     
   3.6200000000000001       0.10966362461643503        0.0000000000000000     
   3.6600000000000001       0.11725068924400293        0.0000000000000000     
   3.7000000000000002       0.18762303736773683        0.0000000000000000     
   3.7400000000000002       0.13263053564686780        0.0000000000000000     
   3.7800000000000002       0.10021571259075077        0.0000000000000000     
   3.8200000000000003        6.0512891143283197E-002   0.0000000000000000     
   3.8599999999999999        4.7279333338726040E-002   0.0000000000000000     
   3.8999999999999999        9.0945083287473930E-002   0.0000000000000000     
   3.9399999999999999       0.12743087851381749        0.0000000000000000     
   3.9800000000000000       0.12953857620684783        0.0000000000000000     
   4.0199999999999996       0.11270541851354089        0.0000000000000000     
   4.0600000000000005        8.8179457742732434E-002   0.0000000000000000     
   4.0999999999999996        6.6443588816442911E-002   0.0000000000000000     
   4.1400000000000006        5.5446818388885023E-002   0.0000000000000000     
   4.1799999999999997        5.1390808012416571E-002   0.0000000000000000     
   4.2200000000000006        7.8134592424257757E-002   0.0000000000000000     
   4.2599999999999998        7.6066597810237654E-002   0.0000000000000000     
   4.3000000000000007        8.1903100885425045E-002   0.0000000000000000     
   4.3399999999999999        8.5065224200462058E-002   0.0000000000000000     
   4.3800000000000008        6.4349622841682913E-002   0.0000000000000000     
   4.4199999999999999        5.4567482625741841E-002   0.0000000000000000     
   4.4600000000000009        6.7068484433365202E-002   0.0000000000000000     
   4.5000000000000000        5.4754947392449946E-002   0.0000000000000000     
   4.5400000000000009        3.7321884738145530E-002   0.0000000000000000     
   4.5800000000000001        3.1837709677953900E-002   0.0000000000000000     
   4.6200000000000001        2.9908192216562553E-002   0.0000000000000000     
   4.6600000000000001        3.0570123583953560E-002   0.0000000000000000     
   4.6999999999999993        3.8553589588871465E-002   0.0000000000000000     
   4.7400000000000002        3.0829097766517707E-002   0.0000000000000000     
   4.7799999999999994        2.4106901822922099E-002   0.0000000000000000     
   4.8200000000000003        2.3966429515532694E-002   0.0000000000000000     
   4.8599999999999994        2.4712570355076454E-002   0.0000000000000000     
   4.9000000000000004        2.7305730262710996E-002   0.0000000000000000     
   4.9399999999999995        2.5038374722185255E-002   0.0000000000000000     
   4.9800000000000004        2.1064486997720379E-002   0.0000000000000000     
   5.0199999999999996        1.4798212692232748E-002   0.0000000000000000     
   5.0600000000000005        8.5583581747390013E-003   0.0000000000000000     
   5.0999999999999996        5.3856870080396958E-003   0.0000000000000000     
   5.1400000000000006        5.7320519024717260E-003   0.0000000000000000     
   5.1799999999999997        5.2408965920130637E-003   0.0000000000000000     
   5.2200000000000006        5.7116918552699170E-003   0.0000000000000000     
   5.2599999999999998        7.0746828391791009E-003   0.0000000000000000     
   5.3000000000000007        8.2536323872318216E-003   0.0000000000000000     
   5.3399999999999999        9.7540230737196594E-003   0.0000000000000000     
   5.3800000000000008        7.2654172470165770E-003   0.0000000000000000     
   5.4199999999999999        5.1159276168209495E-003   0.0000000000000000     
   5.4600000000000009        5.8950733136567271E-003   0.0000000000000000     
   5.5000000000000000        4.7651781832705230E-003   0.0000000000000000     
   5.5400000000000009        3.4778694436202288E-003   0.0000000000000000     
   5.5800000000000001        3.5808364891434350E-003   0.0000000000000000     
   5.6200000000000001        2.5666920065927370E-003   0.0000000000000000     
   5.6600000000000001        1.1082129691563232E-003   0.0000000000000000     
   5.6999999999999993        6.3003305372151108E-004   0.0000000000000000     
   5.7400000000000002        3.5445299730001829E-004   0.0000000000000000     
   5.7799999999999994        2.3255679161787732E-004   0.0000000000000000     
   5.8200000000000003        3.2937395537837075E-004   0.0000000000000000     
   5.8599999999999994        4.8532452204001791E-004   0.0000000000000000     
   5.9000000000000004        5.0430194641938922E-004   0.0000000000000000     
   5.9399999999999995        2.9059329831490122E-004   0.0000000000000000     
   5.9800000000000004        8.0818276119473773E-005   0.0000000000000000     
   6.0199999999999996        1.0735985418195132E-005   0.0000000000000000     
   6.0600000000000005        3.2093169732096145E-007   0.0000000000000000     
   6.0999999999999996        5.6462874835718913E-006   0.0000000000000000     
   6.1400000000000006        8.5543775072006133E-005   0.0000000000000000     
   6.1799999999999997        2.5789783366651813E-004   0.0000000000000000     
   6.2200000000000006        3.4183868485072535E-004   0.0000000000000000     
   6.2599999999999998        2.9979310777020115E-004   0.0000000000000000     
   6.3000000000000007        2.5358662590045395E-004   0.0000000000000000     
   6.3399999999999999        1.6909036154675995E-004   0.0000000000000000     
   6.3800000000000008        6.3994317563000077E-005   0.0000000000000000     
   6.4199999999999999        1.5705904185298089E-005   0.0000000000000000     
   6.4600000000000009        1.6758382105304377E-006   0.0000000000000000     
   6.5000000000000000        0.0000000000000000        0.0000000000000000     
   6.5400000000000009        0.0000000000000000        0.0000000000000000     
   6.5800000000000001        0.0000000000000000        0.0000000000000000     
   6.6200000000000010        0.0000000000000000        0.0000000000000000     
   6.6600000000000001        0.0000000000000000        0.0000000000000000     
   6.6999999999999993        0.0000000000000000        0.0000000000000000     
   6.7400000000000002        0.0000000000000000        0.0000000000000000     
   6.7799999999999994        0.0000000000000000        0.0000000000000000     
   6.8200000000000003        0.0000000000000000        0.0000000000000000     
   6.8599999999999994        0.0000000000000000        0.0000000000000000     
   6.9000000000000004        0.0000000000000000        0.0000000000000000     
   6.9399999999999995        0.0000000000000000        0.0000000000000000     
   6.9800000000000004        0.0000000000000000        0.0000000000000000     
   7.0199999999999996        0.0000000000000000        0.0000000000000000     
   7.0600000000000005        0.0000000000000000        0.0000000000000000     
   7.0999999999999996        0.0000000000000000        0.0000000000000000     
   7.1400000000000006        0.0000000000000000        0.0000000000000000     
   7.1799999999999997        0.0000000000000000        0.0000000000000000     
   7.2200000000000006        0.0000000000000000        0.0000000000000000     
   7.2599999999999998        0.0000000000000000        0.0000000000000000     
   7.3000000000000007        0.0000000000000000        0.0000000000000000     
   7.3399999999999999        0.0000000000000000        0.0000000000000000     
   7.3800000000000008        0.0000000000000000        0.0000000000000000     
   7.4199999999999999        0.0000000000000000        0.0000000000000000     
   7.4600000000000009        0.0000000000000000        0.0000000000000000     
   7.5000000000000000        0.0000000000000000        0.0000000000000000     
   7.5400000000000009        0.0000000000000000        0.0000000000000000     
   7.5800000000000001        0.0000000000000000        0.0000000000000000     
   7.6200000000000010        0.0000000000000000        0.0000000000000000     
   7.6600000000000001        0.0000000000000000        0.0000000000000000     
   7.6999999999999993        0.0000000000000000        0.0000000000000000     
   7.7400000000000002        0.0000000000000000        0.0000000000000000     
   7.7799999999999994        0.0000000000000000        0.0000000000000000     
   7.8200000000000003        0.0000000000000000        0.0000000000000000     
   7.8599999999999994        0.0000000000000000        0.0000000000000000     
   7.9000000000000004        0.0000000000000000        0.0000000000000000     
   7.9399999999999995        0.0000000000000000        0.0000000000000000     
   7.9800000000000004        0.0000000000000000        0.0000000000000000     
   8.0199999999999996        0.0000000000000000        0.0000000000000000     
   8.0600000000000005        0.0000000000000000        0.0000000000000000     
   8.1000000000000014        0.0000000000000000        0.0000000000000000     
   8.1400000000000006        0.0000000000000000        0.0000000000000000     
   8.1799999999999997        0.0000000000000000        0.0000000000000000     
   8.2199999999999989        0.0000000000000000        0.0000000000000000     
   8.2599999999999998        0.0000000000000000        0.0000000000000000     
   8.3000000000000007        0.0000000000000000        0.0000000000000000     
   8.3399999999999999        0.0000000000000000        0.0000000000000000     
   8.3799999999999990        0.0000000000000000        0.0000000000000000     
   8.4199999999999999        0.0000000000000000        0.0000000000000000     
   8.4600000000000009        0.0000000000000000        0.0000000000000000     
   8.5000000000000000        0.0000000000000000        0.0000000000000000     
   8.5399999999999991        0.0000000000000000        0.0000000000000000     
   8.5800000000000001        0.0000000000000000        0.0000000000000000     
   8.6200000000000010        0.0000000000000000        0.0000000000000000     
   8.6600000000000001        0.0000000000000000        0.0000000000000000     
   8.6999999999999993        0.0000000000000000        0.0000000000000000     
   8.7400000000000002        0.0000000000000000        0.0000000000000000     
   8.7800000000000011        0.0000000000000000        0.0000000000000000     
   8.8200000000000003        0.0000000000000000        0.0000000000000000     
   8.8599999999999994        0.0000000000000000        0.0000000000000000     
   8.9000000000000004        0.0000000000000000        0.0000000000000000     
   8.9400000000000013        0.0000000000000000        0.0000000000000000     
   8.9800000000000004        0.0000000000000000        0.0000000000000000     
   9.0199999999999996        0.0000000000000000        0.0000000000000000     
   9.0600000000000005        0.0000000000000000        0.0000000000000000     
   9.1000000000000014        0.0000000000000000        0.0000000000000000     
   9.1400000000000006        0.0000000000000000        0.0000000000000000     
   9.1799999999999997        0.0000000000000000        0.0000000000000000     
   9.2200000000000006        0.0000000000000000        0.0000000000000000     
   9.2599999999999998        0.0000000000000000        0.0000000000000000     
   9.3000000000000007        0.0000000000000000        0.0000000000000000     
   9.3399999999999999        0.0000000000000000        0.0000000000000000     
   9.3799999999999990        0.0000000000000000        0.0000000000000000     
   9.4199999999999999        0.0000000000000000        0.0000000000000000     
   9.4600000000000009        0.0000000000000000        0.0000000000000000     
   9.5000000000000000        0.0000000000000000        0.0000000000000000     
   9.5399999999999991        0.0000000000000000        0.0000000000000000     
   9.5800000000000001        0.0000000000000000        0.0000000000000000     
   9.6200000000000010        0.0000000000000000        0.0000000000000000     
   9.6600000000000001        0.0000000000000000        0.0000000000000000     
   9.6999999999999993        0.0000000000000000        0.0000000000000000     
   9.7400000000000002        0.0000000000000000        0.0000000000000000     
   9.7800000000000011        0.0000000000000000        0.0000000000000000     
   9.8200000000000003        0.0000000000000000        0.0000000000000000     
   9.8599999999999994        0.0000000000000000        0.0000000000000000     
   9.9000000000000004        0.0000000000000000        0.0000000000000000     
   9.9400000000000013        0.0000000000000000        0.0000000000000000     
   9.9800000000000004        0.0000000000000000        0.0000000000000000     
