   2.0000000000000000E-002   0.0000000000000000        0.0000000000000000     
   5.9999999999999998E-002   0.0000000000000000        0.0000000000000000     
  0.10000000000000001        0.0000000000000000        0.0000000000000000     
  0.14000000000000001        0.0000000000000000        0.0000000000000000     
  0.17999999999999999        0.0000000000000000        0.0000000000000000     
  0.22000000000000000        0.0000000000000000        0.0000000000000000     
  0.26000000000000001        0.0000000000000000        0.0000000000000000     
  0.30000000000000004        0.0000000000000000        0.0000000000000000     
  0.33999999999999997        0.0000000000000000        0.0000000000000000     
  0.38000000000000000        0.0000000000000000        0.0000000000000000     
  0.42000000000000004        0.0000000000000000        0.0000000000000000     
  0.45999999999999996        0.0000000000000000        0.0000000000000000     
  0.50000000000000000        0.0000000000000000        0.0000000000000000     
  0.54000000000000004        0.0000000000000000        0.0000000000000000     
  0.58000000000000007        0.0000000000000000       0.58843662225264770     
  0.62000000000000000        0.0000000000000000        13.635876711558534     
  0.66000000000000003        0.0000000000000000        1.2090713812408262     
  0.69999999999999996        0.0000000000000000        0.0000000000000000     
  0.73999999999999999        0.0000000000000000        0.0000000000000000     
  0.78000000000000003        0.0000000000000000        0.0000000000000000     
  0.82000000000000006        0.0000000000000000       0.65645201965648636     
  0.85999999999999999        0.0000000000000000        6.8477499885309125     
  0.90000000000000002        0.0000000000000000       0.56816698839410285     
  0.93999999999999995        0.0000000000000000        1.1593541937470696E-003
  0.97999999999999998        1.6249724649593833E-004   4.4323237726001516E-003
   1.0200000000000000        7.9232082659946510        1.4745164271120899     
   1.0600000000000001        1.0956712689530632       0.40124813208645216     
   1.1000000000000001       0.13010259700292837        0.0000000000000000     
   1.1400000000000001        3.7145801244254636E-002   1.6833323053316630E-002
   1.1799999999999999        1.5905183484316077E-002   2.6016352910537366     
   1.2200000000000000        7.8499616020553560E-003   1.5583650496948236     
   1.2600000000000000        5.3814777543903826E-003   2.4966111866282204E-003
   1.3000000000000000        5.3896905666465759E-003  0.54719320760045631     
   1.3400000000000001        6.7831691055869848E-003   2.7646393052100979     
   1.3800000000000001        4.5996740749327213E-002   4.1401914966793768E-002
   1.4199999999999999       0.87275818546279404        1.1779091315454342     
   1.4600000000000000       0.94150951968704322        4.4341199390105750     
   1.5000000000000000       0.12011865658905206        4.9069866276073501E-002
   1.5400000000000000        2.6468885300080125E-002   1.5536526340978563     
   1.5800000000000001        1.3783374988099692E-002   5.2941023083445433     
   1.6200000000000001        2.7037241950951467E-002  0.33112198948134419     
   1.6600000000000001       0.16652882217758236        2.3009167693100152     
   1.7000000000000000        7.7425586915475700E-002   1.9155344572130066     
   1.7400000000000000        1.4750706050308211        6.2886654961773814E-002
   1.7800000000000000        1.9926342779403257        6.4513959150496304E-004
   1.8200000000000001       0.24694165935040022        2.2140331834708808E-002
   1.8600000000000001        4.2506202214053976E-002  0.97931823836010867     
   1.8999999999999999        4.8121947189052890E-002  0.57293663403630923     
   1.9399999999999999       0.56634588215798121        1.2159827145717077     
   1.9800000000000000       0.25909549365875245       0.46460223140158652     
   2.0200000000000000       0.65219637841292211       0.93642933954518204     
   2.0600000000000001       0.45754807159254846        1.9006737671694773     
   2.1000000000000001        6.6346668427599759E-002  0.87854661764531539     
   2.1400000000000001        1.6759838014472499E-002   3.7846134559124942     
   2.1800000000000002        9.4908787568995529E-003   1.4677691677019715     
   2.2200000000000002        4.5815612072933345E-002   2.6996083087211562     
   2.2600000000000002       0.74654361392983792       0.72707622981929521     
   2.2999999999999998       0.67832383682763941        1.5797676112941845     
   2.3399999999999999        9.8810250088827017E-002  0.38755578251061279     
   2.3799999999999999        6.4920557857461675E-002  0.88965266876103644     
   2.4199999999999999       0.29572320468330088        2.3694383401254169     
   2.4600000000000000       0.18521158195116547       0.95172380222983644     
   2.5000000000000000       0.26216077928143955       0.57390764339875411     
   2.5400000000000000       0.21330255798159714       0.67512903238493771     
   2.5800000000000001       0.18013639073738041        1.9963015789055696     
   2.6200000000000001       0.22142084832252673        1.2780036979026064     
   2.6600000000000001       0.38776509601670972       0.93752157118457802     
   2.7000000000000002       0.90759134091673099       0.16072731532149223     
   2.7400000000000002       0.37130999149567034       0.44520396430923037     
   2.7800000000000002       0.13880730848423053       0.39596661629911395     
   2.8200000000000003        2.8487188563298245E-002   3.2751458365873579E-002
   2.8599999999999999        6.1244096108285219E-002  0.42626896882423781     
   2.8999999999999999       0.14020760610545335        1.0962935783861658     
   2.9399999999999999       0.28978756799235872       0.82319629425963725     
   2.9800000000000000        7.4021236760666118E-002  0.40317894924209496     
   3.0200000000000000       0.10920476603849145       0.35260050667534626     
   3.0600000000000001       0.33081012140256438        5.6904739094918257E-002
   3.1000000000000001       0.11791630993312101        6.3738724406285238E-002
   3.1400000000000001       0.11860401331656499        3.7443181512975605E-002
   3.1800000000000002       0.21121655707083606        1.6862695896084981E-002
   3.2200000000000002       0.22270608831088301        6.5294224111781957E-003
   3.2600000000000002       0.24361330837419712       0.10766075116495508     
   3.3000000000000003       0.13054457899650343        6.8371209361834717E-002
   3.3399999999999999        8.2325426016076175E-002   1.2697318510522713E-002
   3.3799999999999999       0.19503317318333571        2.8384371342643006E-004
   3.4199999999999999       0.13607672378555802        0.0000000000000000     
   3.4600000000000000       0.17305276136506101        0.0000000000000000     
   3.5000000000000000       0.17511127420297165        0.0000000000000000     
   3.5400000000000000       0.16239576459232444        0.0000000000000000     
   3.5800000000000001       0.13724925385841150        0.0000000000000000     
   3.6200000000000001        4.7777815015114702E-002   0.0000000000000000     
   3.6600000000000001       0.18749196119993575        0.0000000000000000     
   3.7000000000000002       0.16998453466974917        0.0000000000000000     
   3.7400000000000002        9.4875421068900512E-002   0.0000000000000000     
   3.7800000000000002        6.8311952979232787E-002   0.0000000000000000     
   3.8200000000000003        2.5781989369991175E-002   0.0000000000000000     
   3.8599999999999999        6.6797943306845201E-002   0.0000000000000000     
   3.8999999999999999       0.11647549871564865        0.0000000000000000     
   3.9399999999999999       0.12167618669841973        0.0000000000000000     
   3.9800000000000000       0.12208487515465717        0.0000000000000000     
   4.0199999999999996        8.6835847026338883E-002   0.0000000000000000     
   4.0600000000000005        6.6873786190328272E-002   0.0000000000000000     
   4.0999999999999996        7.1841384149133214E-002   0.0000000000000000     
   4.1400000000000006        3.7934138533842907E-002   0.0000000000000000     
   4.1799999999999997        6.4959486125650348E-002   0.0000000000000000     
   4.2200000000000006        8.1748551993859483E-002   0.0000000000000000     
   4.2599999999999998        7.9887693877092908E-002   0.0000000000000000     
   4.3000000000000007        7.7453245890594644E-002   0.0000000000000000     
   4.3399999999999999        6.3731171928227151E-002   0.0000000000000000     
   4.3800000000000008        4.3418998596418006E-002   0.0000000000000000     
   4.4199999999999999        5.9874528573829487E-002   0.0000000000000000     
   4.4600000000000009        5.9064431741872883E-002   0.0000000000000000     
   4.5000000000000000        3.7699560359420799E-002   0.0000000000000000     
   4.5400000000000009        2.7225120747117668E-002   0.0000000000000000     
   4.5800000000000001        3.1234775264538790E-002   0.0000000000000000     
   4.6200000000000001        2.3110881249718485E-002   0.0000000000000000     
   4.6600000000000001        4.0945252507226616E-002   0.0000000000000000     
   4.6999999999999993        3.4559544609914720E-002   0.0000000000000000     
   4.7400000000000002        2.2716858822115958E-002   0.0000000000000000     
   4.7799999999999994        2.3742154781414077E-002   0.0000000000000000     
   4.8200000000000003        2.5085419736200671E-002   0.0000000000000000     
   4.8599999999999994        2.3179547894147019E-002   0.0000000000000000     
   4.9000000000000004        2.3445281558722518E-002   0.0000000000000000     
   4.9399999999999995        2.1924879709793919E-002   0.0000000000000000     
   4.9800000000000004        1.3182362261103253E-002   0.0000000000000000     
   5.0199999999999996        5.9635276117630158E-003   0.0000000000000000     
   5.0600000000000005        5.2894752102045041E-003   0.0000000000000000     
   5.0999999999999996        8.3240824857869610E-003   0.0000000000000000     
   5.1400000000000006        7.0853077309234232E-003   0.0000000000000000     
   5.1799999999999997        5.5989075418276489E-003   0.0000000000000000     
   5.2200000000000006        6.9499979982949175E-003   0.0000000000000000     
   5.2599999999999998        8.3836504253730019E-003   0.0000000000000000     
   5.3000000000000007        1.0408147466591801E-002   0.0000000000000000     
   5.3399999999999999        6.5526204161092168E-003   0.0000000000000000     
   5.3800000000000008        4.0264384253174473E-003   0.0000000000000000     
   5.4199999999999999        6.5280267500474653E-003   0.0000000000000000     
   5.4600000000000009        3.7486506975045139E-003   0.0000000000000000     
   5.5000000000000000        3.3267430037414755E-003   0.0000000000000000     
   5.5400000000000009        4.6617406217148221E-003   0.0000000000000000     
   5.5800000000000001        1.9063115263118306E-003   0.0000000000000000     
   5.6200000000000001        8.3877175218886706E-004   0.0000000000000000     
   5.6600000000000001        6.6029133042550437E-004   0.0000000000000000     
   5.6999999999999993        4.5621658901507354E-004   0.0000000000000000     
   5.7400000000000002        4.8314812209013474E-004   0.0000000000000000     
   5.7799999999999994        9.1398163838914397E-004   0.0000000000000000     
   5.8200000000000003        1.3274388513449702E-003   0.0000000000000000     
   5.8599999999999994        1.0233268742245020E-003   0.0000000000000000     
   5.9000000000000004        4.8893025872797497E-004   0.0000000000000000     
   5.9399999999999995        3.5373644786096029E-004   0.0000000000000000     
   5.9800000000000004        2.1688120605859257E-004   0.0000000000000000     
   6.0199999999999996        1.0043659557046855E-004   0.0000000000000000     
   6.0600000000000005        4.7439780476965951E-005   0.0000000000000000     
   6.0999999999999996        1.5788334721411119E-004   0.0000000000000000     
   6.1400000000000006        4.4551369772551579E-004   0.0000000000000000     
   6.1799999999999997        2.7815939994335349E-004   0.0000000000000000     
   6.2200000000000006        2.8364709464049492E-004   0.0000000000000000     
   6.2599999999999998        2.3114956585276530E-004   0.0000000000000000     
   6.3000000000000007        3.9730354297485204E-005   0.0000000000000000     
   6.3399999999999999        1.8637533139365603E-006   0.0000000000000000     
   6.3800000000000008        0.0000000000000000        0.0000000000000000     
   6.4199999999999999        0.0000000000000000        0.0000000000000000     
   6.4600000000000009        0.0000000000000000        0.0000000000000000     
   6.5000000000000000        0.0000000000000000        0.0000000000000000     
   6.5400000000000009        0.0000000000000000        0.0000000000000000     
   6.5800000000000001        0.0000000000000000        0.0000000000000000     
   6.6200000000000010        0.0000000000000000        0.0000000000000000     
   6.6600000000000001        0.0000000000000000        0.0000000000000000     
   6.6999999999999993        0.0000000000000000        0.0000000000000000     
   6.7400000000000002        0.0000000000000000        0.0000000000000000     
   6.7799999999999994        0.0000000000000000        0.0000000000000000     
   6.8200000000000003        0.0000000000000000        0.0000000000000000     
   6.8599999999999994        0.0000000000000000        0.0000000000000000     
   6.9000000000000004        0.0000000000000000        0.0000000000000000     
   6.9399999999999995        0.0000000000000000        0.0000000000000000     
   6.9800000000000004        0.0000000000000000        0.0000000000000000     
   7.0199999999999996        0.0000000000000000        0.0000000000000000     
   7.0600000000000005        0.0000000000000000        0.0000000000000000     
   7.0999999999999996        0.0000000000000000        0.0000000000000000     
   7.1400000000000006        0.0000000000000000        0.0000000000000000     
   7.1799999999999997        0.0000000000000000        0.0000000000000000     
   7.2200000000000006        0.0000000000000000        0.0000000000000000     
   7.2599999999999998        0.0000000000000000        0.0000000000000000     
   7.3000000000000007        0.0000000000000000        0.0000000000000000     
   7.3399999999999999        0.0000000000000000        0.0000000000000000     
   7.3800000000000008        0.0000000000000000        0.0000000000000000     
   7.4199999999999999        0.0000000000000000        0.0000000000000000     
   7.4600000000000009        0.0000000000000000        0.0000000000000000     
   7.5000000000000000        0.0000000000000000        0.0000000000000000     
   7.5400000000000009        0.0000000000000000        0.0000000000000000     
   7.5800000000000001        0.0000000000000000        0.0000000000000000     
   7.6200000000000010        0.0000000000000000        0.0000000000000000     
   7.6600000000000001        0.0000000000000000        0.0000000000000000     
   7.6999999999999993        0.0000000000000000        0.0000000000000000     
   7.7400000000000002        0.0000000000000000        0.0000000000000000     
   7.7799999999999994        0.0000000000000000        0.0000000000000000     
   7.8200000000000003        0.0000000000000000        0.0000000000000000     
   7.8599999999999994        0.0000000000000000        0.0000000000000000     
   7.9000000000000004        0.0000000000000000        0.0000000000000000     
   7.9399999999999995        0.0000000000000000        0.0000000000000000     
   7.9800000000000004        0.0000000000000000        0.0000000000000000     
   8.0199999999999996        0.0000000000000000        0.0000000000000000     
   8.0600000000000005        0.0000000000000000        0.0000000000000000     
   8.1000000000000014        0.0000000000000000        0.0000000000000000     
   8.1400000000000006        0.0000000000000000        0.0000000000000000     
   8.1799999999999997        0.0000000000000000        0.0000000000000000     
   8.2199999999999989        0.0000000000000000        0.0000000000000000     
   8.2599999999999998        0.0000000000000000        0.0000000000000000     
   8.3000000000000007        0.0000000000000000        0.0000000000000000     
   8.3399999999999999        0.0000000000000000        0.0000000000000000     
   8.3799999999999990        0.0000000000000000        0.0000000000000000     
   8.4199999999999999        0.0000000000000000        0.0000000000000000     
   8.4600000000000009        0.0000000000000000        0.0000000000000000     
   8.5000000000000000        0.0000000000000000        0.0000000000000000     
   8.5399999999999991        0.0000000000000000        0.0000000000000000     
   8.5800000000000001        0.0000000000000000        0.0000000000000000     
   8.6200000000000010        0.0000000000000000        0.0000000000000000     
   8.6600000000000001        0.0000000000000000        0.0000000000000000     
   8.6999999999999993        0.0000000000000000        0.0000000000000000     
   8.7400000000000002        0.0000000000000000        0.0000000000000000     
   8.7800000000000011        0.0000000000000000        0.0000000000000000     
   8.8200000000000003        0.0000000000000000        0.0000000000000000     
   8.8599999999999994        0.0000000000000000        0.0000000000000000     
   8.9000000000000004        0.0000000000000000        0.0000000000000000     
   8.9400000000000013        0.0000000000000000        0.0000000000000000     
   8.9800000000000004        0.0000000000000000        0.0000000000000000     
   9.0199999999999996        0.0000000000000000        0.0000000000000000     
   9.0600000000000005        0.0000000000000000        0.0000000000000000     
   9.1000000000000014        0.0000000000000000        0.0000000000000000     
   9.1400000000000006        0.0000000000000000        0.0000000000000000     
   9.1799999999999997        0.0000000000000000        0.0000000000000000     
   9.2200000000000006        0.0000000000000000        0.0000000000000000     
   9.2599999999999998        0.0000000000000000        0.0000000000000000     
   9.3000000000000007        0.0000000000000000        0.0000000000000000     
   9.3399999999999999        0.0000000000000000        0.0000000000000000     
   9.3799999999999990        0.0000000000000000        0.0000000000000000     
   9.4199999999999999        0.0000000000000000        0.0000000000000000     
   9.4600000000000009        0.0000000000000000        0.0000000000000000     
   9.5000000000000000        0.0000000000000000        0.0000000000000000     
   9.5399999999999991        0.0000000000000000        0.0000000000000000     
   9.5800000000000001        0.0000000000000000        0.0000000000000000     
   9.6200000000000010        0.0000000000000000        0.0000000000000000     
   9.6600000000000001        0.0000000000000000        0.0000000000000000     
   9.6999999999999993        0.0000000000000000        0.0000000000000000     
   9.7400000000000002        0.0000000000000000        0.0000000000000000     
   9.7800000000000011        0.0000000000000000        0.0000000000000000     
   9.8200000000000003        0.0000000000000000        0.0000000000000000     
   9.8599999999999994        0.0000000000000000        0.0000000000000000     
   9.9000000000000004        0.0000000000000000        0.0000000000000000     
   9.9400000000000013        0.0000000000000000        0.0000000000000000     
   9.9800000000000004        0.0000000000000000        0.0000000000000000     
