   2.0000000000000000E-002   0.0000000000000000        0.0000000000000000     
   5.9999999999999998E-002   0.0000000000000000        0.0000000000000000     
  0.10000000000000001        0.0000000000000000        0.0000000000000000     
  0.14000000000000001        0.0000000000000000        0.0000000000000000     
  0.17999999999999999        0.0000000000000000        0.0000000000000000     
  0.22000000000000000        0.0000000000000000        0.0000000000000000     
  0.26000000000000001        0.0000000000000000        0.0000000000000000     
  0.30000000000000004        0.0000000000000000        0.0000000000000000     
  0.33999999999999997        0.0000000000000000        0.0000000000000000     
  0.38000000000000000        0.0000000000000000        0.0000000000000000     
  0.42000000000000004        0.0000000000000000        0.0000000000000000     
  0.45999999999999996        0.0000000000000000        0.0000000000000000     
  0.50000000000000000        0.0000000000000000        0.0000000000000000     
  0.54000000000000004        0.0000000000000000        0.0000000000000000     
  0.58000000000000007        0.0000000000000000       0.42249915001403193     
  0.62000000000000000        0.0000000000000000        9.9977347111589001     
  0.66000000000000003        0.0000000000000000        4.5253028598772422     
  0.69999999999999996        0.0000000000000000        2.0071609602559444E-002
  0.73999999999999999        0.0000000000000000        0.0000000000000000     
  0.78000000000000003        0.0000000000000000        2.9423090103809493E-003
  0.82000000000000006        0.0000000000000000        1.9443599137512571     
  0.85999999999999999        0.0000000000000000        5.1055920707315741     
  0.90000000000000002        0.0000000000000000       0.99366449378723787     
  0.93999999999999995        0.0000000000000000        8.7238589112977299E-002
  0.97999999999999998        1.1352551341126905E-004   0.0000000000000000     
   1.0200000000000000        5.5388095002599833       0.10979790605470530     
   1.0600000000000001        1.4088587664193728        1.5644419383683541     
   1.1000000000000001       0.31720670543086199        9.6826399233778213E-002
   1.1400000000000001       0.13205525978021801        2.7666498221295571E-003
   1.1799999999999999       0.17320642238696887        1.4070874575172214     
   1.2200000000000000       0.25608449697007474        2.5152146020657673     
   1.2600000000000000       0.16866464615949309       0.16458525515261394     
   1.3000000000000000        8.4337886746788243E-002  0.66771825870986268     
   1.3400000000000001       0.10658909937447757        2.0159887089605073     
   1.3800000000000001       0.17087540746506838       0.61890561633563901     
   1.4199999999999999       0.52159573798675529        9.9223554458977251E-002
   1.4600000000000000       0.70129508028152854        3.7715135529989241     
   1.5000000000000000       0.22274357221467148        1.6744296139148847     
   1.5400000000000000       0.10749063517375655        1.1931524953070318     
   1.5800000000000001        8.5743418103689642E-002   4.5958125455439642     
   1.6200000000000001        7.8295783561270552E-002   1.3290682662197060     
   1.6600000000000001       0.17272486443695712        1.3003176824268052     
   1.7000000000000000       0.15572114073596829        1.9863506651933325     
   1.7400000000000000       0.72408423829990776       0.67764095494451482     
   1.7800000000000000        1.4300479814178904       0.15744702366400321     
   1.8200000000000001       0.50395061464438828       0.13301766026260392     
   1.8600000000000001       0.20825850053555794       0.76649247229989936     
   1.8999999999999999       0.13541924936198252       0.60204140504914738     
   1.9399999999999999       0.38004618944537755       0.20974610637585589     
   1.9800000000000000       0.45676853181563509        1.3670658566053309     
   2.0200000000000000       0.50259536127878424       0.21246406783621533     
   2.0600000000000001       0.47527444494613447        2.3240967255672631     
   2.1000000000000001       0.21288661908820741       0.41013300098130751     
   2.1400000000000001       0.13396944736360328        2.1002801376744507     
   2.1800000000000002       0.13170194827901618       0.56899900066598930     
   2.2200000000000002       0.11295510924091771        1.8518711690234835     
   2.2600000000000002       0.32960453614550361        1.1854690450653453     
   2.2999999999999998       0.49991797860835963        1.5937469071580650     
   2.3399999999999999       0.21262649409250917        2.7711150379662373     
   2.3799999999999999       0.12277339340275714       0.47127195568311336     
   2.4199999999999999       0.25724586990248155       0.24374920452716764     
   2.4600000000000000       0.21777673255493871        1.7614959223882414     
   2.5000000000000000       0.19797603060046665       0.57447661018234963     
   2.5400000000000000       0.20155533105131151       0.43656020110707783     
   2.5800000000000001       0.28049114522993596        1.3952153835278549     
   2.6200000000000001       0.18572041674706127       0.72510481729810361     
   2.6600000000000001       0.23815696333421049       0.18573579685347358     
   2.7000000000000002       0.49527791659567005       0.11868110584964268     
   2.7400000000000002       0.41936031137559776       0.10089834206690373     
   2.7800000000000002       0.29841633812866897       0.72740648840322664     
   2.8200000000000003       0.16884417791826442       0.54596145745155811     
   2.8599999999999999       0.10128550647750952        7.3356792815124860E-002
   2.8999999999999999       0.15448122891172203       0.56241385269370614     
   2.9399999999999999       0.28275584492229944        1.8446502004654319     
   2.9800000000000000       0.21786664775576731        2.0100035218902961     
   3.0200000000000000       0.10682811042847584       0.49315243151253008     
   3.0600000000000001       0.15777630875583637       0.23439383594317001     
   3.1000000000000001       0.16855361031021640        3.8333906987557021E-003
   3.1400000000000001       0.12000049117448171        0.0000000000000000     
   3.1800000000000002       0.12612265054905986        2.9701283473271070E-003
   3.2200000000000002       0.12811464040666679       0.13251149071889254     
   3.2600000000000002       0.15663065688891201       0.25423189756757364     
   3.3000000000000003       0.18004144152679441       0.17101867959548439     
   3.3399999999999999       0.11203242894304272        0.0000000000000000     
   3.3799999999999999       0.14591102866303013        0.0000000000000000     
   3.4199999999999999       0.18450202285975154        0.0000000000000000     
   3.4600000000000000       0.20017790912194458        0.0000000000000000     
   3.5000000000000000       0.20876329973713542        0.0000000000000000     
   3.5400000000000000       0.14047664391645853       0.18505830946267221     
   3.5800000000000001       0.13813046295808135       0.12950242852932309     
   3.6200000000000001       0.11069125635601011        0.0000000000000000     
   3.6600000000000001        8.8718105809749009E-002   0.0000000000000000     
   3.7000000000000002       0.11955951087668304        0.0000000000000000     
   3.7400000000000002       0.11953201366755786        0.0000000000000000     
   3.7800000000000002       0.12405679464762880        0.0000000000000000     
   3.8200000000000003        7.6184637101501987E-002   0.0000000000000000     
   3.8599999999999999        5.2216200102170394E-002   0.0000000000000000     
   3.8999999999999999        8.7813820955823144E-002   0.0000000000000000     
   3.9399999999999999        9.1983108232468982E-002   0.0000000000000000     
   3.9800000000000000        7.3088453856707342E-002   0.0000000000000000     
   4.0199999999999996        8.1792562328807966E-002   0.0000000000000000     
   4.0600000000000005        6.3408987661802710E-002   0.0000000000000000     
   4.0999999999999996        6.2901943886018857E-002   0.0000000000000000     
   4.1400000000000006        7.6554511137064324E-002   0.0000000000000000     
   4.1799999999999997        8.0943453953046404E-002   0.0000000000000000     
   4.2200000000000006        7.6436451724424162E-002   0.0000000000000000     
   4.2599999999999998        7.1176070330548916E-002   0.0000000000000000     
   4.3000000000000007       0.10273213788773683        0.0000000000000000     
   4.3399999999999999        8.2997824394385716E-002   0.0000000000000000     
   4.3800000000000008        6.5034127453829763E-002   0.0000000000000000     
   4.4199999999999999        5.7705649604620567E-002   0.0000000000000000     
   4.4600000000000009        6.4069514615812617E-002   0.0000000000000000     
   4.5000000000000000        3.9250524340354975E-002   0.0000000000000000     
   4.5400000000000009        4.6901123447494732E-002   0.0000000000000000     
   4.5800000000000001        3.5261111283277871E-002   0.0000000000000000     
   4.6200000000000001        3.1626738408498258E-002   0.0000000000000000     
   4.6600000000000001        4.5861327073868106E-002   0.0000000000000000     
   4.6999999999999993        4.2049489114294576E-002   0.0000000000000000     
   4.7400000000000002        2.3510464562804350E-002   0.0000000000000000     
   4.7799999999999994        2.2559626363686608E-002   0.0000000000000000     
   4.8200000000000003        2.2995812480703880E-002   0.0000000000000000     
   4.8599999999999994        2.6018680343115566E-002   0.0000000000000000     
   4.9000000000000004        3.7459956329877662E-002   0.0000000000000000     
   4.9399999999999995        2.4685279768220294E-002   0.0000000000000000     
   4.9800000000000004        2.1165435941631214E-002   0.0000000000000000     
   5.0199999999999996        2.1409859943117549E-002   0.0000000000000000     
   5.0600000000000005        2.1985163831497883E-002   0.0000000000000000     
   5.0999999999999996        1.8327127151654059E-002   0.0000000000000000     
   5.1400000000000006        1.3484925073926060E-002   0.0000000000000000     
   5.1799999999999997        1.3294739597878975E-002   0.0000000000000000     
   5.2200000000000006        1.2269612517835862E-002   0.0000000000000000     
   5.2599999999999998        1.0157067917314936E-002   0.0000000000000000     
   5.3000000000000007        9.1538616109696543E-003   0.0000000000000000     
   5.3399999999999999        7.9059785655500835E-003   0.0000000000000000     
   5.3800000000000008        7.2547879272115562E-003   0.0000000000000000     
   5.4199999999999999        6.7379282585821260E-003   0.0000000000000000     
   5.4600000000000009        9.7293863811611109E-003   0.0000000000000000     
   5.5000000000000000        8.5996812947572148E-003   0.0000000000000000     
   5.5400000000000009        3.3952105359083187E-003   0.0000000000000000     
   5.5800000000000001        5.4182633176632928E-003   0.0000000000000000     
   5.6200000000000001        4.9342118814789454E-003   0.0000000000000000     
   5.6600000000000001        6.4389474206783389E-003   0.0000000000000000     
   5.6999999999999993        6.4461170577488200E-003   0.0000000000000000     
   5.7400000000000002        3.6175465558450906E-003   0.0000000000000000     
   5.7799999999999994        2.2416867978085459E-003   0.0000000000000000     
   5.8200000000000003        4.4383162837978146E-003   0.0000000000000000     
   5.8599999999999994        2.2844443095905373E-003   0.0000000000000000     
   5.9000000000000004        3.7237015949746570E-003   0.0000000000000000     
   5.9399999999999995        2.9463026200279682E-003   0.0000000000000000     
   5.9800000000000004        1.1984275595278964E-003   0.0000000000000000     
   6.0199999999999996        1.2413638049484962E-003   0.0000000000000000     
   6.0600000000000005        1.3210502061875274E-003   0.0000000000000000     
   6.0999999999999996        7.7013606488542119E-004   0.0000000000000000     
   6.1400000000000006        4.8080322401165902E-004   0.0000000000000000     
   6.1799999999999997        8.9633397931641445E-004   0.0000000000000000     
   6.2200000000000006        2.7861569327262037E-004   0.0000000000000000     
   6.2599999999999998        1.9323692972846731E-004   0.0000000000000000     
   6.3000000000000007        1.1031425742812392E-003   0.0000000000000000     
   6.3399999999999999        1.0930587042270144E-003   0.0000000000000000     
   6.3800000000000008        9.8255292916857979E-004   0.0000000000000000     
   6.4199999999999999        3.6494439719423510E-004   0.0000000000000000     
   6.4600000000000009        4.2385108342797551E-004   0.0000000000000000     
   6.5000000000000000        4.3244248446051386E-004   0.0000000000000000     
   6.5400000000000009        0.0000000000000000        0.0000000000000000     
   6.5800000000000001        0.0000000000000000        0.0000000000000000     
   6.6200000000000010        0.0000000000000000        0.0000000000000000     
   6.6600000000000001        0.0000000000000000        0.0000000000000000     
   6.6999999999999993        0.0000000000000000        0.0000000000000000     
   6.7400000000000002        0.0000000000000000        0.0000000000000000     
   6.7799999999999994        8.5245475210140601E-006   0.0000000000000000     
   6.8200000000000003        3.7305988889272654E-004   0.0000000000000000     
   6.8599999999999994        5.0058728778826045E-006   0.0000000000000000     
   6.9000000000000004        0.0000000000000000        0.0000000000000000     
   6.9399999999999995        0.0000000000000000        0.0000000000000000     
   6.9800000000000004        0.0000000000000000        0.0000000000000000     
   7.0199999999999996        0.0000000000000000        0.0000000000000000     
   7.0600000000000005        0.0000000000000000        0.0000000000000000     
   7.0999999999999996        0.0000000000000000        0.0000000000000000     
   7.1400000000000006        0.0000000000000000        0.0000000000000000     
   7.1799999999999997        0.0000000000000000        0.0000000000000000     
   7.2200000000000006        0.0000000000000000        0.0000000000000000     
   7.2599999999999998        0.0000000000000000        0.0000000000000000     
   7.3000000000000007        0.0000000000000000        0.0000000000000000     
   7.3399999999999999        0.0000000000000000        0.0000000000000000     
   7.3800000000000008        0.0000000000000000        0.0000000000000000     
   7.4199999999999999        0.0000000000000000        0.0000000000000000     
   7.4600000000000009        0.0000000000000000        0.0000000000000000     
   7.5000000000000000        0.0000000000000000        0.0000000000000000     
   7.5400000000000009        0.0000000000000000        0.0000000000000000     
   7.5800000000000001        0.0000000000000000        0.0000000000000000     
   7.6200000000000010        0.0000000000000000        0.0000000000000000     
   7.6600000000000001        0.0000000000000000        0.0000000000000000     
   7.6999999999999993        0.0000000000000000        0.0000000000000000     
   7.7400000000000002        0.0000000000000000        0.0000000000000000     
   7.7799999999999994        0.0000000000000000        0.0000000000000000     
   7.8200000000000003        0.0000000000000000        0.0000000000000000     
   7.8599999999999994        0.0000000000000000        0.0000000000000000     
   7.9000000000000004        0.0000000000000000        0.0000000000000000     
   7.9399999999999995        0.0000000000000000        0.0000000000000000     
   7.9800000000000004        0.0000000000000000        0.0000000000000000     
   8.0199999999999996        0.0000000000000000        0.0000000000000000     
   8.0600000000000005        0.0000000000000000        0.0000000000000000     
   8.1000000000000014        0.0000000000000000        0.0000000000000000     
   8.1400000000000006        0.0000000000000000        0.0000000000000000     
   8.1799999999999997        0.0000000000000000        0.0000000000000000     
   8.2199999999999989        0.0000000000000000        0.0000000000000000     
   8.2599999999999998        0.0000000000000000        0.0000000000000000     
   8.3000000000000007        0.0000000000000000        0.0000000000000000     
   8.3399999999999999        0.0000000000000000        0.0000000000000000     
   8.3799999999999990        0.0000000000000000        0.0000000000000000     
   8.4199999999999999        0.0000000000000000        0.0000000000000000     
   8.4600000000000009        0.0000000000000000        0.0000000000000000     
   8.5000000000000000        0.0000000000000000        0.0000000000000000     
   8.5399999999999991        0.0000000000000000        0.0000000000000000     
   8.5800000000000001        0.0000000000000000        0.0000000000000000     
   8.6200000000000010        0.0000000000000000        0.0000000000000000     
   8.6600000000000001        0.0000000000000000        0.0000000000000000     
   8.6999999999999993        0.0000000000000000        0.0000000000000000     
   8.7400000000000002        0.0000000000000000        0.0000000000000000     
   8.7800000000000011        0.0000000000000000        0.0000000000000000     
   8.8200000000000003        0.0000000000000000        0.0000000000000000     
   8.8599999999999994        0.0000000000000000        0.0000000000000000     
   8.9000000000000004        0.0000000000000000        0.0000000000000000     
   8.9400000000000013        0.0000000000000000        0.0000000000000000     
   8.9800000000000004        0.0000000000000000        0.0000000000000000     
   9.0199999999999996        0.0000000000000000        0.0000000000000000     
   9.0600000000000005        0.0000000000000000        0.0000000000000000     
   9.1000000000000014        0.0000000000000000        0.0000000000000000     
   9.1400000000000006        0.0000000000000000        0.0000000000000000     
   9.1799999999999997        0.0000000000000000        0.0000000000000000     
   9.2200000000000006        0.0000000000000000        0.0000000000000000     
   9.2599999999999998        0.0000000000000000        0.0000000000000000     
   9.3000000000000007        0.0000000000000000        0.0000000000000000     
   9.3399999999999999        0.0000000000000000        0.0000000000000000     
   9.3799999999999990        0.0000000000000000        0.0000000000000000     
   9.4199999999999999        0.0000000000000000        0.0000000000000000     
   9.4600000000000009        0.0000000000000000        0.0000000000000000     
   9.5000000000000000        0.0000000000000000        0.0000000000000000     
   9.5399999999999991        0.0000000000000000        0.0000000000000000     
   9.5800000000000001        0.0000000000000000        0.0000000000000000     
   9.6200000000000010        0.0000000000000000        0.0000000000000000     
   9.6600000000000001        0.0000000000000000        0.0000000000000000     
   9.6999999999999993        0.0000000000000000        0.0000000000000000     
   9.7400000000000002        0.0000000000000000        0.0000000000000000     
   9.7800000000000011        0.0000000000000000        0.0000000000000000     
   9.8200000000000003        0.0000000000000000        0.0000000000000000     
   9.8599999999999994        0.0000000000000000        0.0000000000000000     
   9.9000000000000004        0.0000000000000000        0.0000000000000000     
   9.9400000000000013        0.0000000000000000        0.0000000000000000     
   9.9800000000000004        0.0000000000000000        0.0000000000000000     
