   2.0000000000000000E-002   0.0000000000000000       0.52222715702028155     
   5.9999999999999998E-002   0.0000000000000000       0.79666285688298044     
  0.10000000000000001        0.0000000000000000       0.97377695444383350     
  0.14000000000000001        0.0000000000000000        1.0074044143870968     
  0.17999999999999999        0.0000000000000000       0.95502138463281561     
  0.22000000000000000        0.0000000000000000       0.94658796102753984     
  0.26000000000000001        0.0000000000000000       0.79971540594880219     
  0.30000000000000004        0.0000000000000000       0.78262339053451535     
  0.33999999999999997        0.0000000000000000       0.72180112979860567     
  0.38000000000000000        0.0000000000000000       0.74204707524942937     
  0.42000000000000004        0.0000000000000000       0.67994336467023564     
  0.45999999999999996        0.0000000000000000       0.64583093986666174     
  0.50000000000000000        0.0000000000000000       0.61939910784110519     
  0.54000000000000004        0.0000000000000000       0.59517733999526734     
  0.58000000000000007        0.0000000000000000       0.59566350361394838     
  0.62000000000000000        0.0000000000000000       0.62153516453964197     
  0.66000000000000003        0.0000000000000000       0.63897264054020220     
  0.69999999999999996        0.0000000000000000       0.65385957348357959     
  0.73999999999999999        0.0000000000000000       0.64661841143711296     
  0.78000000000000003        0.0000000000000000       0.63821951667396548     
  0.82000000000000006        0.0000000000000000       0.65382668487765161     
  0.85999999999999999        0.0000000000000000       0.66957923206993208     
  0.90000000000000002        0.0000000000000000       0.66300575828088582     
  0.93999999999999995        0.0000000000000000       0.67776634077070785     
  0.97999999999999998        2.1884324616818840E-005  0.65842790995775158     
   1.0200000000000000        1.6247893391760613       0.67914003238329834     
   1.0600000000000001        1.3783267863399997       0.69451184000024169     
   1.1000000000000001        1.1762872788303054       0.70366517308948462     
   1.1400000000000001        1.0112778613793791       0.69603246119887885     
   1.1799999999999999       0.87814843695472267       0.67594943664872742     
   1.2200000000000000       0.76775669076721287       0.67973128991414311     
   1.2600000000000000       0.67856659844702782       0.68523362667971965     
   1.3000000000000000       0.60619857834216329       0.69723375697944645     
   1.3400000000000001       0.54785683931020779       0.67930632342131647     
   1.3800000000000001       0.50013208602003389       0.67355802433520129     
   1.4199999999999999       0.46049036191114101       0.66754292588963537     
   1.4600000000000000       0.43040974698630957       0.66877049189842164     
   1.5000000000000000       0.40597566100837090       0.67961985827795479     
   1.5400000000000000       0.38691667733469148       0.67458884676483488     
   1.5800000000000001       0.37314633322686552       0.65782221831774168     
   1.6200000000000001       0.36539615834923789       0.66271773861249483     
   1.6600000000000001       0.36000991589010228       0.65641884596237576     
   1.7000000000000000       0.35944074420921757       0.65457711020127030     
   1.7400000000000000       0.36190913361671539       0.65178355516515363     
   1.7800000000000000       0.36702038657218311       0.64549277011345108     
   1.8200000000000001       0.37617981314235954       0.63543773349314792     
   1.8600000000000001       0.38628208629348015       0.63461599826278003     
   1.8999999999999999       0.39816192605094552       0.63259273525745474     
   1.9399999999999999       0.41040599389063076       0.65498152052312264     
   1.9800000000000000       0.42380550069975509       0.66951552306262141     
   2.0200000000000000       0.43671844828116163       0.68229494373080934     
   2.0600000000000001       0.44123020183235490       0.68512370141192747     
   2.1000000000000001       0.43869098685185587       0.69306205667257204     
   2.1400000000000001       0.43066686336906257       0.70118698157038806     
   2.1800000000000002       0.41909136118419033       0.71571082427451094     
   2.2200000000000002       0.40663182904356693       0.72714966824255289     
   2.2600000000000002       0.39307020886680211       0.72728655713980350     
   2.2999999999999998       0.37875102511905184       0.71999249722870762     
   2.3399999999999999       0.36572539021478973       0.72269283883400048     
   2.3799999999999999       0.35366313043505360       0.71430879150569815     
   2.4199999999999999       0.34240885604935795       0.70407283962536438     
   2.4600000000000000       0.33223446981376381       0.69351216144306960     
   2.5000000000000000       0.32322468535679150       0.68101265631908015     
   2.5400000000000000       0.31475640455269516       0.66600320856084017     
   2.5800000000000001       0.30828962475768890       0.65264870769067274     
   2.6200000000000001       0.30230580599821039       0.63447857939005581     
   2.6600000000000001       0.29785170137255973       0.62188198692389507     
   2.7000000000000002       0.29395174840763227       0.60424148487114682     
   2.7400000000000002       0.29051848817111764       0.59322856539046953     
   2.7800000000000002       0.28808651719084388       0.58196019909889107     
   2.8200000000000003       0.28618082755587987       0.56658121727287747     
   2.8599999999999999       0.28392246069625066       0.55499191426373018     
   2.8999999999999999       0.28180858394335478       0.55213328764107061     
   2.9399999999999999       0.27957381154502559       0.55152415162451329     
   2.9800000000000000       0.27669528387818665       0.54531208669548137     
   3.0200000000000000       0.27354861151628507       0.53563925586048400     
   3.0600000000000001       0.27005005001991739       0.51835822540597287     
   3.1000000000000001       0.26593359167344588       0.50281282121868520     
   3.1400000000000001       0.26136158081350713       0.48175181831494351     
   3.1800000000000002       0.25681394849574790       0.46820072403045937     
   3.2200000000000002       0.25168714535958220       0.44866370627418306     
   3.2600000000000002       0.24612174831714501       0.42795631779880133     
   3.3000000000000003       0.24069421902625077       0.40681109341073629     
   3.3399999999999999       0.23521987175340309       0.38954775774314448     
   3.3799999999999999       0.22968579477799289       0.36862156168599469     
   3.4199999999999999       0.22445622840916668       0.34727874622537602     
   3.4600000000000000       0.21909161579466488       0.32817755403050231     
   3.5000000000000000       0.21432280519759619       0.31433327539704287     
   3.5400000000000000       0.20952320303262975       0.29542582267215145     
   3.5800000000000001       0.20494756313485285       0.27167697685963038     
   3.6200000000000001       0.20049268838379103       0.25394763161012213     
   3.6600000000000001       0.19605082811784708       0.23373377352084576     
   3.7000000000000002       0.19219416163017689       0.21851839334237272     
   3.7400000000000002       0.18850629402637278       0.20325446816596676     
   3.7800000000000002       0.18477640916822524       0.18756508583285819     
   3.8200000000000003       0.18102538102569249       0.16940439894588163     
   3.8599999999999999       0.17764759753632628       0.15113147213674497     
   3.8999999999999999       0.17413436589727768       0.13833265909744527     
   3.9399999999999999       0.17078689694253105       0.12525023044881436     
   3.9800000000000000       0.16735689528291781       0.10941879312454272     
   4.0199999999999996       0.16381429091333352        9.6932293104395051E-002
   4.0600000000000005       0.16035940465265267        8.7409486932747804E-002
   4.0999999999999996       0.15672498107355945        7.8904922585572843E-002
   4.1400000000000006       0.15340213904570124        7.1541909970487941E-002
   4.1799999999999997       0.15022751494747413        6.2415079921641900E-002
   4.2200000000000006       0.14675522422575793        5.5935314953073613E-002
   4.2599999999999998       0.14307909879858158        4.7098536163804772E-002
   4.3000000000000007       0.13957220426336417        3.7580609561453343E-002
   4.3399999999999999       0.13573989971629993        2.8356952159179719E-002
   4.3800000000000008       0.13182268375060349        2.0063623627841271E-002
   4.4199999999999999       0.12833897149960016        1.2566785330142044E-002
   4.4600000000000009       0.12462871340962400        8.0383144905588795E-003
   4.5000000000000000       0.12106217005900208        4.4956063226857992E-003
   4.5400000000000009       0.11756249485463223        2.2549397580086364E-003
   4.5800000000000001       0.11411706391589879        1.2649427218003257E-003
   4.6200000000000001       0.11080744787862913        6.0187720490644512E-004
   4.6600000000000001       0.10745210660671474        2.6957034610537939E-004
   4.6999999999999993       0.10413527684342293        4.3904236331736419E-005
   4.7400000000000002       0.10084891961126881        3.7632217840207600E-006
   4.7799999999999994        9.7569734572505715E-002   0.0000000000000000     
   4.8200000000000003        9.4310326252960944E-002   0.0000000000000000     
   4.8599999999999994        9.1229570307925931E-002   0.0000000000000000     
   4.9000000000000004        8.8157225127364000E-002   0.0000000000000000     
   4.9399999999999995        8.5323811829163890E-002   0.0000000000000000     
   4.9800000000000004        8.2400253639926799E-002   0.0000000000000000     
   5.0199999999999996        7.9630114071273683E-002   0.0000000000000000     
   5.0600000000000005        7.6906397047982147E-002   0.0000000000000000     
   5.0999999999999996        7.4396520714881592E-002   0.0000000000000000     
   5.1400000000000006        7.1686079406900458E-002   0.0000000000000000     
   5.1799999999999997        6.9106654128388650E-002   0.0000000000000000     
   5.2200000000000006        6.6580334562550789E-002   0.0000000000000000     
   5.2599999999999998        6.4039991149376599E-002   0.0000000000000000     
   5.3000000000000007        6.1594654293404681E-002   0.0000000000000000     
   5.3399999999999999        5.9074952303357485E-002   0.0000000000000000     
   5.3800000000000008        5.6584600501151071E-002   0.0000000000000000     
   5.4199999999999999        5.4322706403150213E-002   0.0000000000000000     
   5.4600000000000009        5.2039077834259768E-002   0.0000000000000000     
   5.5000000000000000        4.9892340593974079E-002   0.0000000000000000     
   5.5400000000000009        4.7831569950176435E-002   0.0000000000000000     
   5.5800000000000001        4.5878703232001515E-002   0.0000000000000000     
   5.6200000000000001        4.3968513106419478E-002   0.0000000000000000     
   5.6600000000000001        4.2144262860616254E-002   0.0000000000000000     
   5.6999999999999993        4.0396867246807112E-002   0.0000000000000000     
   5.7400000000000002        3.8660194357058447E-002   0.0000000000000000     
   5.7799999999999994        3.6878303885689481E-002   0.0000000000000000     
   5.8200000000000003        3.5273520231051514E-002   0.0000000000000000     
   5.8599999999999994        3.3692499677574553E-002   0.0000000000000000     
   5.9000000000000004        3.2150161003347610E-002   0.0000000000000000     
   5.9399999999999995        3.0606706298823175E-002   0.0000000000000000     
   5.9800000000000004        2.9155752242130475E-002   0.0000000000000000     
   6.0199999999999996        2.7660928295128430E-002   0.0000000000000000     
   6.0600000000000005        2.6186440111548342E-002   0.0000000000000000     
   6.0999999999999996        2.4786730910357629E-002   0.0000000000000000     
   6.1400000000000006        2.3432721460629993E-002   0.0000000000000000     
   6.1799999999999997        2.2220544224984904E-002   0.0000000000000000     
   6.2200000000000006        2.1028718211407900E-002   0.0000000000000000     
   6.2599999999999998        1.9887362181261900E-002   0.0000000000000000     
   6.3000000000000007        1.8736910216996611E-002   0.0000000000000000     
   6.3399999999999999        1.7713361492425451E-002   0.0000000000000000     
   6.3800000000000008        1.6669403412705657E-002   0.0000000000000000     
   6.4199999999999999        1.5641204298563183E-002   0.0000000000000000     
   6.4600000000000009        1.4711061983243890E-002   0.0000000000000000     
   6.5000000000000000        1.3831339122369501E-002   0.0000000000000000     
   6.5400000000000009        1.2973733602612579E-002   0.0000000000000000     
   6.5800000000000001        1.2188260465739146E-002   0.0000000000000000     
   6.6200000000000010        1.1460059010044385E-002   0.0000000000000000     
   6.6600000000000001        1.0763265263679536E-002   0.0000000000000000     
   6.6999999999999993        1.0081722490384564E-002   0.0000000000000000     
   6.7400000000000002        9.3881240805529665E-003   0.0000000000000000     
   6.7799999999999994        8.7595170048466817E-003   0.0000000000000000     
   6.8200000000000003        8.1475532695722674E-003   0.0000000000000000     
   6.8599999999999994        7.5437807402028191E-003   0.0000000000000000     
   6.9000000000000004        6.9738882924379065E-003   0.0000000000000000     
   6.9399999999999995        6.4293671999637123E-003   0.0000000000000000     
   6.9800000000000004        5.9571469943510503E-003   0.0000000000000000     
   7.0199999999999996        5.5071567842111960E-003   0.0000000000000000     
   7.0600000000000005        5.0574790981731373E-003   0.0000000000000000     
   7.0999999999999996        4.6461508148886574E-003   0.0000000000000000     
   7.1400000000000006        4.2669332438604567E-003   0.0000000000000000     
   7.1799999999999997        3.9068954166584912E-003   0.0000000000000000     
   7.2200000000000006        3.6017037850422759E-003   0.0000000000000000     
   7.2599999999999998        3.2893997182760551E-003   0.0000000000000000     
   7.3000000000000007        3.0130317379012594E-003   0.0000000000000000     
   7.3399999999999999        2.7426786303068906E-003   0.0000000000000000     
   7.3800000000000008        2.4904920419495749E-003   0.0000000000000000     
   7.4199999999999999        2.2634607037729346E-003   0.0000000000000000     
   7.4600000000000009        2.0345300153437268E-003   0.0000000000000000     
   7.5000000000000000        1.8335414812852078E-003   0.0000000000000000     
   7.5400000000000009        1.6479609584013914E-003   0.0000000000000000     
   7.5800000000000001        1.4836859429833407E-003   0.0000000000000000     
   7.6200000000000010        1.3336910622963978E-003   0.0000000000000000     
   7.6600000000000001        1.2020564544049956E-003   0.0000000000000000     
   7.6999999999999993        1.0766584177210870E-003   0.0000000000000000     
   7.7400000000000002        9.6089319984121561E-004   0.0000000000000000     
   7.7799999999999994        8.5812578297083482E-004   0.0000000000000000     
   7.8200000000000003        7.5874637390435510E-004   0.0000000000000000     
   7.8599999999999994        6.6359889447309309E-004   0.0000000000000000     
   7.9000000000000004        5.7505838229523110E-004   0.0000000000000000     
   7.9399999999999995        5.0531405170952087E-004   0.0000000000000000     
   7.9800000000000004        4.3701177015615321E-004   0.0000000000000000     
   8.0199999999999996        3.7729259266279969E-004   0.0000000000000000     
   8.0600000000000005        3.2294090864477565E-004   0.0000000000000000     
   8.1000000000000014        2.7777802696155816E-004   0.0000000000000000     
   8.1400000000000006        2.3849443911159199E-004   0.0000000000000000     
   8.1799999999999997        2.0401958809193669E-004   0.0000000000000000     
   8.2199999999999989        1.7523167388484981E-004   0.0000000000000000     
   8.2599999999999998        1.4898611878568535E-004   0.0000000000000000     
   8.3000000000000007        1.2579498201795194E-004   0.0000000000000000     
   8.3399999999999999        1.0770710004121113E-004   0.0000000000000000     
   8.3799999999999990        9.0365749718782329E-005   0.0000000000000000     
   8.4199999999999999        7.5749542645901096E-005   0.0000000000000000     
   8.4600000000000009        6.2703152524259836E-005   0.0000000000000000     
   8.5000000000000000        5.1985290986147359E-005   0.0000000000000000     
   8.5399999999999991        4.2749561299384915E-005   0.0000000000000000     
   8.5800000000000001        3.2873774544822365E-005   0.0000000000000000     
   8.6200000000000010        2.6162850295180428E-005   0.0000000000000000     
   8.6600000000000001        2.1309030865791841E-005   0.0000000000000000     
   8.6999999999999993        1.6888314905235451E-005   0.0000000000000000     
   8.7400000000000002        1.3790869908793579E-005   0.0000000000000000     
   8.7800000000000011        1.1157501959209102E-005   0.0000000000000000     
   8.8200000000000003        8.5389814144700944E-006   0.0000000000000000     
   8.8599999999999994        6.8256235929235805E-006   0.0000000000000000     
   8.9000000000000004        4.9100382296480396E-006   0.0000000000000000     
   8.9400000000000013        3.3909700041092840E-006   0.0000000000000000     
   8.9800000000000004        2.2806003367272432E-006   0.0000000000000000     
   9.0199999999999996        1.7968516929078668E-006   0.0000000000000000     
   9.0600000000000005        1.0949587591430369E-006   0.0000000000000000     
   9.1000000000000014        6.9048983720890106E-007   0.0000000000000000     
   9.1400000000000006        3.8313158367471674E-007   0.0000000000000000     
   9.1799999999999997        2.5251569280971318E-007   0.0000000000000000     
   9.2200000000000006        1.8011507298564025E-007   0.0000000000000000     
   9.2599999999999998        6.9609058125866684E-008   0.0000000000000000     
   9.3000000000000007        2.4004020579287594E-008   0.0000000000000000     
   9.3399999999999999        1.9832382720447973E-009   0.0000000000000000     
   9.3799999999999990        0.0000000000000000        0.0000000000000000     
   9.4199999999999999        0.0000000000000000        0.0000000000000000     
   9.4600000000000009        0.0000000000000000        0.0000000000000000     
   9.5000000000000000        0.0000000000000000        0.0000000000000000     
   9.5399999999999991        0.0000000000000000        0.0000000000000000     
   9.5800000000000001        0.0000000000000000        0.0000000000000000     
   9.6200000000000010        0.0000000000000000        0.0000000000000000     
   9.6600000000000001        0.0000000000000000        0.0000000000000000     
   9.6999999999999993        0.0000000000000000        0.0000000000000000     
   9.7400000000000002        0.0000000000000000        0.0000000000000000     
   9.7800000000000011        0.0000000000000000        0.0000000000000000     
   9.8200000000000003        0.0000000000000000        0.0000000000000000     
   9.8599999999999994        0.0000000000000000        0.0000000000000000     
   9.9000000000000004        0.0000000000000000        0.0000000000000000     
   9.9400000000000013        0.0000000000000000        0.0000000000000000     
   9.9800000000000004        0.0000000000000000        0.0000000000000000     
