  -1.3368681751614029        2.0274074999150802       -1.6022182325581937     
   1.5956005248261240        1.2884823067322642        2.0492083057939654     
  -2.0487939488551197      -0.81233115291953029        2.0344658468927821     
  -1.0813508300290773        1.0763430955842850       -1.8083547982910060     
 -0.85160654944923520      -0.58522716722699086       -1.3140605269506009     
  -2.0529410244737081       0.62482145199204542      -0.87287652315994446     
 -0.84886684648527477       0.10725650832872967       -2.0435001451885735     
  -2.0377144371381681       -9.1758339129964492E-002 -0.13180625431515064     
 -0.86005520463872576       -1.3097981390908386      -0.61091666194595529     
 -0.58759638007753412      -0.83332766758814458        2.0216024646955906     
   1.1125177370716612        1.0808696931259183       0.33931905078950669     
  0.13043647665035879      -0.12983142756552560        2.0223664582948033     
   1.3239209728113206        1.5598468426374150       -1.3461917528665874     
 -0.59133269294678492        2.0408974706601359      -0.85063587421082709     
   1.3007029772352487       0.11744487758887667       -1.3303340991111947     
  -2.0418530514022146        1.3073184841343857       -1.6445753914998280     
  -1.8005370812399699       -1.7919518799920289       0.37541917314159517     
 -0.82384923610699201       -2.0298404288673551       0.10153340252364841     
   2.0238856622054593       -1.3825160522719597      -0.77768152863038886     
  0.79769021954089758       -1.5828794564738997       -1.5678236076956040     
   2.0450725315669991      -0.66303637310405128        1.7661719584012658     
 -0.60156365194454475       0.58645874919152319       0.57768259549102430     
  0.58933989460566405        1.5883595603031866       -2.0268747754327316     
  0.37249174339919933       -1.1186009428473058        1.8201518709303242     
  -2.0342616740716584       0.60597916949674513       0.59143813700228043     
  0.15121171761307889        1.2784989676031591        2.0503062965620904     
  0.14450587732202363        2.0446434530755604        1.3372633572671770     
   1.8023626080628736       0.31000369188602472        1.8434281816847702     
 -0.36255085166345036        1.8046606839970460       -1.8016003394113693     
  0.87063758190377238        2.0282928930869173        2.0260964810498416     
  -1.8614413368724627      -0.37306553017622457       -1.0820125305719814     
 -0.59434238472995571        2.0234773493545166        2.0451132164351749     
  -1.3121825824048263        1.3313929852755977       0.61380740569322423     
 -0.36550013962390288       -1.0799898194463604        1.0608634619378070     
  0.37619523344847000        1.0828388428928848      -0.36889079393248864     
 -0.59067389636563805        1.3213275630711214        1.3123988035848018     
   1.7724864584776894       -1.9308320565839903       -1.7301341297953043     
  -2.0506135608524567        2.0485578415770962      -0.87475348757063143     
   2.0280542122559275       0.11213610186292824      -0.62944362203788018     
 -0.10154115168560376       0.11609676993601613       -1.3220336830970287     
 -0.11601961380753147       -1.3164971073317933       0.11851291730354672     
  0.59328350404205255       -1.3205737560926862      -0.59460145769619144     
   1.8407696636327833        1.7692133724262014       0.32035124962100964     
  -1.8335827333563295       0.33953598009639502       -1.8172854735493584     
  0.34873599946800515       0.35116836717390565       0.35410032982124068     
  -1.0749533394359283       0.36352576829467514       -1.0763222077525427     
 -0.86933166971459508       -2.0371656400175584       -1.3084771307684633     
 -0.34741542720303276       0.35726339972141324      -0.37027284677750855     
  -1.8025075963142780       -1.0743360365495269      -0.36173515701149239     
  0.59230284390573307       0.86124335957399112       -1.3396759788640127     
  -2.0260234788027276        1.3127301541213967        1.3257693572434948     
   1.6470427353282233        2.0352351558215855        1.3462041706553562     
   1.3284467259749120      -0.59295346905769786       0.83602289782171157     
  -2.0293716084663624       -1.5935807804531466        1.3362094448082276     
  -1.0831623005503317       -1.8407878903595563        1.0736407257799467     
 -0.35973344756922243        1.0785114033149925       -1.0709967286826760     
 -0.14804709637750552      -0.60725674776075522       -2.0338537885296870     
  -2.0342782198888312      -0.84601987196058992       0.61091421460875550     
  0.12518507789169406        2.0387362333124828      -0.11179844752890902     
  -1.2938752052948077       -1.5555459377785099        2.0242142469471607     
  0.59874272438918497        9.8268360425237428E-002  -2.0493436773589422     
   2.0430520401326349       -1.3308487090762846       0.78240364310297206     
 -0.36364940009695068      -0.35423558676829475       0.33249913159808941     
  -2.0505401764316673        1.3235027378617770      -0.14697271430410497     
  0.13623387903085191       0.60959202058822370        1.3022303459410138     
  0.37586450560269036      -0.36630154626913930        1.0744494809412921     
   1.0846522009708119        1.8122267982400482      -0.36548094806716946     
  -2.0500562367270581        2.0199474085400353       0.60707464918373621     
  -1.3296139418643855        2.0383222923939677        1.3267105231549798     
 -0.11905286995877003       0.81595092751111853       -2.0485524482478867     
  0.12647956786749678        1.3386722993294555       0.60905607163729947     
   1.3176532743497318       0.11931097069753782       0.13106141232722265     
 -0.86814474528975771       -1.3080009281300464       -2.0208747741018356     
   1.3254186161952657       -2.0286223213607304       0.82200054677592926     
  0.59166663670759412      -0.59147793633929813       0.10714339827527598     
   1.2899860099921887       -2.0447197699075348      -0.62363385796308413     
  -1.2937187271064006        2.0326303958323577      -0.13643865708303160     
   2.0508859913743454       -2.0511222110982650        1.6069334250109726     
  0.58572551792615912      -0.62160561331249364       -1.3294211859493856     
  -1.3033997236750876      -0.84393855355953773        1.3155296372681740     
 -0.11218506407161595      -0.60873561857839609      -0.61062108082365474     
 -0.35000167382782421       -1.8155868611531860        1.7855831629626191     
  0.59466866664371321       -1.3214421048879554       0.83928283440186546     
   1.3053830646436222      -0.60262969443424885      -0.59693234363621472     
 -0.15277070272790530       -1.3315990411248808       -1.3209014381728061     
 -0.10169002038145336       -2.0469224071816088      -0.61537781642143263     
   2.0585176309649547        1.5240955533233187      -0.65006431992065383     
  -2.0296745199681552      -0.11762177627879841        1.2987111191223610     
 -0.59085270978954274      -0.11429890532730765        1.3109994121612265     
  0.59390459770811310       -2.0254105116600596       0.11675781064579939     
  -1.3214589478104606       0.60873209298324227      -0.11867563118492629     
 -0.58094144740361919        1.3292977971249726      -0.11616236606185382     
  0.85226937240573475       0.56433812336706268        2.0306179590801015     
  -1.3098562792646626       0.58431138542256811        1.3093625565954568     
  0.36858868600694678        1.8043455910359114       -1.0719702237722142     
   1.0807598019179554      -0.38330580015025223        1.8056604320809200     
   2.0535483234075129       0.10761584470903590       0.82589150916924503     
   1.8436704396917263        1.0877526897293626        1.0927468811752616     
  -1.0853820827870591      -0.34191689825521532      -0.36676734149769352     
 -0.58558366398480066       0.60033657260430329        2.0173904642144183     
  -1.3192350671012718      -0.11844241268575209       0.59364624536913246     
  0.60400633559896988       0.12579833708161042      -0.61251115634318909     
   1.3232550584837135       0.82335425051403188      -0.61188901470692580     
  0.88062065807088941        1.3097815219564413        1.3302175399572005     
  -1.5827524804530333       -1.3224647999754944       -1.3208809941880097     
   1.0883402423552340       0.36175010970738186        1.0787675418641953     
   1.2926890635905481       -1.3070975834032745       0.12032006605031399     
  -1.3284982191777304        1.3321857206295620        2.0445264473017408     
   2.0490037655066118       -2.0403657690632087        6.9626950578532243E-002
  -1.3107608337709422      -0.12744335831362133        2.0252407964207961     
   1.3150382606924791       -1.3306164146347170        1.5613320983574044     
  -2.0560686631285323       0.57970574314948986        2.0260011323162948     
   1.9610612287107154       0.85732091719749226       -1.6880199017776991     
  -1.5886364202922887      -0.60767875558132889       -2.0358054851789800     
  0.61992373729382644       -2.0530731750603142        1.5324193724677579     
   1.5876980873177131      -0.89606670258382926       -1.5543263484897285     
 -0.59962087458803626        2.0391563102574572       0.59138923752341799     
 -0.12073641152339969       -2.0328947523761212       0.83069732511545225     
  -1.3162484597540689        1.3086098361549647      -0.83512857409965369     
  0.90693396326023190        2.0513136798895957       0.62868314754815291     
  -1.0749235369581811       -1.0767575328076320       0.34872820882364663     
   2.0485289253933767       0.81179488530592703        9.7787994845957849E-002
  -1.5912504241911773       -2.0319555579313344      -0.58344299893049556     
   2.0414060037329222      -0.60228897796756231        9.0208824458502493E-002
