  -1.8980931749343544        1.3653761296271838      -0.71229032945630977     
   2.0963716778755472       -2.6030988883972057        2.2627334928512868     
 -0.98782184791560579       -2.7930211610793849       -1.3049861865042942     
   1.3490684142113323        2.8856085748672524        1.4293109769821151     
 -0.81778886890410263        2.9557517304420706        1.4990769343376460     
 -0.60593448114392567        1.9719437108040692        2.7925061593055220     
  -1.9985879201889098       -1.6105350379944019        2.4417272834778707     
  -1.8592622289657206        2.5881603221892568      -0.60562915229801118     
  -2.7738837513923609      -0.81686111640929726       -1.3980001258850274     
  -3.0555085825919859        2.7236747088432005       0.18598945760729998     
  -1.4616979370117691        2.8485106577873154        2.7459857230186748     
   1.6943939089774873       0.79503082752216980        2.2097879271507384     
  0.16007951116569111       0.98072489309323996        1.7410341305733739     
  -1.3791363897322984      -0.69929623937613594        2.1332782282829577     
   5.4279301643414227E-002  -3.0973085718154905        1.9814518766401934     
 -0.97373652505878994       -2.4311754007339297      -0.28415951013558399     
  0.34908018827439641       -2.3828020095871712E-003 -0.92712353086467458     
 -0.41805550289158089       -1.7818681707382236        1.0653361287117358     
   2.4499176821708626        2.7693363361358729       -2.5476304416657665     
  -3.0124156303405978        1.3780051131248385      -0.18009492397309446     
  -1.0878330755234349       -6.2076676845531538E-002   9.2465828895591753E-002
   3.3610105510667714E-004   1.7595227684974319       0.50119906091680133     
 -0.11517562913911364       0.99107049322118279       -2.2526286082267810     
  -2.2775496201514671        1.9531610465049691       0.52887171792993337     
  0.74102079010021382        2.0603653421401895        1.4026021251678193     
   2.7451434168815783        1.9724891362190020      -0.23773818016047671     
  -2.9291926794051610       -1.9903340320586906        2.9251981163025187     
   1.6752476005553885      -0.58511145496366901        1.7900349788665759     
  0.82869785356517922       0.22900309753414907        1.5569215650558781     
   2.1960401563644134       -1.6260602331161054       0.34424466562274003     
  0.53776855230331166       -2.9384168748855974      -0.96625616264343805     
   1.5189645862579326       -2.9365117917060557        1.1785858497619914     
   1.4795390362738878        2.7979980092048811        3.0707501873970302     
  -1.9998460416793928       -2.7312079815864259      -0.42206601572040231     
   1.0106904516220379       -2.5532548031806552        2.1500790777206724     
   2.5871869673728649       -8.5157482147279556E-002   3.0514525938034907     
  -1.2914819350243587       0.75958947896957885       -1.7091634216308751     
   1.1869977560043259        7.7307577133497590E-003   2.9298572320938976     
   1.8708460025787719       0.43183215665811930       -2.4855537524223128     
  -2.7340944247245718        1.8271625628470498        2.1072578396797623     
 -0.39330662012096540        1.6573150677680311       -3.0252902216911992     
   3.0201443448066780       -3.0731288170814715      -0.47418059968955811     
   2.7436526203154932       -2.3230119786263250        1.0958641915321163     
  -1.9974002122878844       -1.8068238530159217       0.70625502157212572     
  -1.3799039201735674       0.85276326322555041       0.43440018129351549     
  -1.9831345791816219       -3.0813469982147832        1.4067891211509544     
  -3.0447724728583330        2.8890401830672401      -0.96177310609821864     
  0.52936967658999134        3.0812337026596488      -0.27780285644532060     
  -2.9456976819038165       -2.2970141539573152       -3.0481191143989617     
   3.9493484496925448E-002   2.7818528723716418       -3.0938626847267217     
  -2.0571857132910818       -2.8578792214393731        2.8509422078132372     
   1.0972882037163370        1.7704123439789472       -3.0124747796059368     
  -2.4394838705062729        2.7409263629913379        2.9736717586517125     
   1.7960497841834142       -1.3977187957762529        2.6620869784355188     
  -2.9799886322020659       0.85810336208342697       0.83735825920102536     
 -0.46827963066086420        1.1145405750275281      -0.62048492527007815     
  -2.8848359365462910       0.59063938951498185        1.8556937260627402     
 -0.14313178110119079       -1.2360131330489668       -1.1303765153884735     
  0.18815728950498517        2.8004975037574180        2.5238122320175083     
 -0.54602875089652814       -2.9071703863143696        3.0094500617981299     
  0.98321577739715782        1.4245898213386008       0.53462171125410962     
  -3.0316442222596791       -3.0960757122039579       0.60836297893521640     
   1.7503017125130507       -1.9469417600632153       -2.2741084847450375     
  0.80040826511378671       -1.8024677810668417       -1.0902580909729500     
 -0.30610945272431550        2.8921807794570511       0.36990408658992036     
  -1.0292334194184181       -1.8155728240013294        2.8455103068352372     
   2.9571614189146818      -0.21291888284675692       -2.0888528895378133     
  -2.2118054032326451        2.7787483010292515        1.9523171443939207     
  -1.2846749053001818      -0.67989604282389926       -2.3018428707122172     
   2.0668345518110893        1.3845643091201845       -2.1372211871147324     
 -0.28981532192236420      -0.47076499319079729       -2.7987589669227844     
   1.8930282578468305        1.3580263891221234        1.0040360245704125     
   1.0720542664528208       -2.8849015169143257       -2.5021785707474073     
   2.2986891202926967        2.7587547121048259       0.29001609849927890     
  -1.8594288506507211       0.94900901746746524        1.9227028269766089     
  0.96132189607620755       -1.4586409997940919        1.9543906240464597     
  -1.7101882834435242        2.8048704700468825       -3.0654722232818563     
   2.8594569520948525      -0.55506928205488804      -0.11581282615661385     
 -0.25360738134387567       -1.9620720863342378       -1.8416193189620873     
   4.3005033493054748E-002 -0.74867596340184495        1.6738720736503681     
   3.0024070448874887        1.2965109257698837       -1.7185031313896948     
 -0.92030597686774729        2.9728788466452349       -1.9441220955847553     
   2.2891302676200165       -2.3425167346002351      -0.81940817165372859     
  0.30284474134446804       -1.8433074545859356       -2.9563774490355876     
  0.33623377084722966       -1.9045482311249058      -0.12516422271723401     
   3.0763490438461010       0.13849401855470564       0.77924790096276930     
   1.0134885721205984       -2.6647567773646977E-005  -1.8687744588851307     
  -1.2159162049293686       -1.0737377300262576       -1.0680959539412267     
   2.7843147916793880        1.9616377935409461       -3.0618695807456744     
   2.3383480477332146       -2.7662978010177484       -1.7472706198691093     
 -0.74090056037895036       -2.4436840138435940       -3.0186630597113484     
  -2.8405759267807458       -1.3811138224601422        1.8490975680351498     
  -1.9444868330955742       -6.6170464515771382E-002  0.89838043355939456     
   1.1804925813675502       -2.0093411908149732       0.81663426637643044     
  0.14036010694505965       -6.3838995933577752E-002  0.26388726234430931     
   2.5380552186965284        2.4636751174906421E-002   1.6389121522904189     
  -3.0429727625847129      -0.64361626243588144       -3.0131240849495602     
   4.9662203788777733E-002   1.0070174036025767        2.8272658147811862     
  -2.8933954625129985       -2.1427558526992065       0.33401650762560015     
  0.85751618576045985        1.2411396636963186       -2.0865263648033081     
  -3.0611531000137728       -1.9631064157486087      -0.79869587802876596     
  -1.3085209503174364       -1.7897140460014591        1.6933884196281566     
  0.45555515003200092      -0.98741799640660710       -1.9083794031143888     
  -2.2718675260543884       -2.1915639286041881       -2.0717833194731701     
  -2.9556178569793596       -2.5928441519737078        1.9441112618446454     
  0.54904710817336366        2.4946151647567407       -1.7387703180313392     
   1.1432462902068730      -0.51911891603473059        4.9793763637443089E-002
  -1.0857888050079549       0.87388924551001324       -2.7457354326248038     
   2.9687366042137966       -1.5176231904029798        1.7988695225716513     
 -0.82039085388185207      -0.70660467338559951       0.99642358446119605     
   1.3435905561447061        1.7405783438682538        2.9995687327385028     
  -3.0990046896934564       0.60113053178786491        3.0309999742507894     
  0.57561927080158481        1.3825549011230887       -1.0674576172829555     
  -2.1267809162139661       -1.1473437061309715      -0.48446783304220858     
   2.8531242680548639       0.96283006143572036        2.3123460173607802     
  -2.3537751860619238       0.10580557203290900       -2.6437675042152060     
  0.23173772144316312       -1.7911507859229561        2.5631548252105172     
  -3.0473211174011507        2.6328286905288767       -2.7485488228797439     
   1.9153187322616552        1.4937399172783665      -0.64964245033259760     
   3.0696779565811489       -1.7233445978164330       -2.8041034479141196     
  -2.1708103642463539        2.1510200963019783       -1.4721843276024325     
   2.6191134343146878       -1.5697109303474457       -1.3628538255692726     
   2.8285552153586799        3.0835678839683869       -1.2894325871467269     
   1.4800822072028914        2.3794829974174467      -0.17316204023363546     
