  -1.3118979884445252        2.0519891479216024       -1.6569603151536312     
   1.5279915985085490        1.3559215822506752        2.0093868896557736     
  -2.0660357584481273      -0.87793925102502723        1.9742967348262999     
  -1.0779271828991950        1.0988686759197392       -1.8929407500391024     
 -0.83902002860975600      -0.63158733061464911       -1.3698326788324318     
  -2.0502455023718245       0.58953334280327729      -0.93275440426242973     
 -0.81777684734920841       0.10160911037673942       -2.0909195072993065     
  -2.0610834318999287      -0.12759638967169926      -0.21629246409320990     
 -0.82651278922991400       -1.3299765289054339      -0.64655496060008966     
 -0.60823569219936524      -0.88076667541291942        2.0747521003509339     
   1.0230726847483937        1.1092513393271739       0.35975888946313966     
   7.8783001274270723E-002 -0.14544392504703940        2.0533986986212422     
   1.3650115871741901        1.5323545361392834       -1.3721750571235014     
 -0.59243902483062838        2.0477285311669431      -0.92977409643868636     
   1.3111337959262432       0.11469462302716722       -1.3751335608350299     
  -2.1335014705877362        1.3012093964489198       -1.6828180515226674     
  -1.8273211556838374       -1.8495260893302832       0.30956005990189978     
 -0.83996065016577171       -2.0776162529039808        5.5439233663706691E-002
   2.0803465501636937       -1.3295923705164687      -0.67855342245337325     
  0.62906645577167675       -2.0050121328690245       -1.4112472325125107     
   2.0365959396224960      -0.58465430594254275        1.5806583914319456     
 -0.61205456682385628       0.59544908195183621       0.57190334774645024     
  0.67016077198079993        1.5028836896911257       -2.1061877162146359     
  0.32871332621824384       -1.1152217504745920        1.7804073150833044     
  -2.1191580143375304       0.53736416817368660       0.53448519525505833     
   7.6294306504294362E-002   1.2956833462918627        2.0511206367343524     
   7.3885325335304453E-002   2.0669232415169017        1.3212203877802975     
   1.8069246875316793       0.38129354237636692        1.7900290667633965     
 -0.35580238957097765        1.8165666444541331       -1.8941394442051236     
  0.77373311278203005        2.0369013263790663        2.0424088227888428     
  -1.8014704554998351      -0.38007800889594956       -1.1575811081188314     
 -0.67400337034797064        2.0220650010352945        2.0047687639004543     
  -1.3414032376302121        1.2909967842872792       0.54961725768231040     
 -0.39058647031762156       -1.0950218807101495        1.0191234643086287     
  0.32023313101940099        1.0533621885033972      -0.37122137214971884     
 -0.65170822075216694        1.3145197805493962        1.2905752469341403     
   1.3321199890493971       -1.2959815901910954       -1.3429034512094657     
  -2.0369127877090838        2.0184811165981338      -0.96789187711658242     
   2.0794467562513983        9.7263804466587112E-002 -0.59602032181385900     
 -0.12080114529523672        9.7922226241338978E-002  -1.3649995078840587     
 -0.11272388042078807       -1.3351452261567587        7.6979129857858569E-002
  0.60958618342405213       -1.3269894636176809      -0.63908456680258152     
   1.7749897638788519        1.8001328063377962       0.35729522955510651     
  -1.7798935090407983       0.32889951682556445       -1.8715830596866321     
  0.33235327158424582       0.34390097627291932       0.33746656526193003     
  -1.0852911292602891       0.33519033288148797       -1.1261209939288701     
 -0.82573125972815120       -2.0900218121740797       -1.3489610427980863     
 -0.39220583705697382       0.35153644945235984      -0.38460689146796012     
  -1.8535396781596261       -1.1239345023512417      -0.41109021789384448     
  0.60350651635284913       0.83478056994330407       -1.3580794172183750     
  -2.1342448751695082        1.3142282347373317        1.1684262506768870     
   1.5191427985216450        2.0887756446520864        1.3050763861300438     
   1.3424168513164654      -0.59632918910873012       0.84364806099849365     
  -2.0945680418906356       -1.6091391172731158        1.2861714023251121     
  -1.1185707615349390       -1.8004957900314471        1.0343366051802492     
 -0.37880562012693747        1.0569661932708270       -1.0965206835034871     
 -0.10736949790311998      -0.66278181304203143       -2.1052638476091086     
  -2.0646874741671004      -0.90619591641402453       0.57149693903562104     
   8.7180488543859125E-002   2.0783354969122576      -0.12592841662216056     
  -1.3477330264903380       -1.5971257393659908        1.9975530044915970     
  0.57152926213161859       0.10724478855182822       -2.0887974118539803     
   2.0451187010917096       -1.3212655038849059       0.87228796658065211     
 -0.36926028883962653      -0.38066970439807946       0.31118180414275298     
  -2.0723648327913784        1.3107942579860365      -0.20698772061166276     
   8.4948487209303272E-002  0.60784891815252107        1.2941826389948521     
  0.30666452808933048      -0.35190934659752499        1.0666127063151085     
   1.0333658451112715        1.7625700689654547      -0.41832159280616760     
  -2.1190361506546256        2.0809460246945717       0.47490418650778549     
  -1.4272443286356467        2.0417269584592725        1.3225512858412767     
 -0.12171111581963487       0.85875367541226977       -2.0655191707888565     
   6.8009162027269185E-002   1.3589613251730914       0.57983333269650728     
   1.3267737056110078       0.13566507738001249       0.12071753556191699     
 -0.85900543389085304       -1.3539425227450821       -2.0652451302956609     
   1.3305531760428817       -2.0293156211387360       0.84587756284815563     
  0.62634434567954933      -0.58800815536637374        7.6602299080683958E-002
   1.3413111814232912       -2.0144504504878840      -0.61711714127971595     
  -1.3705305923371807        2.0251814826490273      -0.21775398201791452     
   2.0200837289196385       -2.0552946610067964        1.5713649389255226     
  0.59893381797558087      -0.61535372511803399       -1.3483026857129694     
  -1.3263769223009474      -0.84909323575395979        1.2935048796349302     
 -0.11410902852883743      -0.60910135500248475      -0.63693382255275488     
 -0.38461134116350193       -1.9202117060373995        1.7708958422918470     
  0.59396433589568254       -1.3187779975486444       0.79695667623772293     
   1.3615768053123913      -0.60320281967561318      -0.60704654688266568     
 -0.11708233389783100       -1.3277382823556798       -1.3542203150614258     
 -0.11115034148748894       -2.0380256768438016      -0.64762618347677903     
   2.0720302080085191        1.6084363329260085      -0.65396149614879606     
  -2.0843976258964703      -0.15939932459804051        1.2603061947895888     
 -0.63776370752667055      -0.10028394745214293        1.2898135687921506     
  0.61321581703546457       -2.0434219478009839        8.5662907560762003E-002
  -1.3592761914607032       0.59593807120548448      -0.18051426080908439     
 -0.61701077550555339        1.3672476512488134      -0.16460744641638350     
  0.81689664512753435       0.61286277637309650        2.0442122484971930     
  -1.3682195403957336       0.58622690437726310        1.2611392495266427     
  0.36574786091099992        1.7921584348517394       -1.1816983234550318     
   1.0449066882255673      -0.33784606580699245        1.7869436121176889     
   2.0549069336853685       0.10888245664999520       0.83471931602361138     
   1.7615023176772511        1.0822195529890137        1.0690512497420688     
  -1.0984369512116834      -0.38419387919153075      -0.42103750754139896     
 -0.67010788498143381       0.60416171679934072        2.0282530735221780     
  -1.3264442899774858      -0.13903468805782382       0.54956425684571086     
  0.61942699858219319       0.10683931668908553      -0.64498139580544422     
   1.3421032412506166       0.80678298153042283      -0.64372679143498912     
  0.78276615750257517        1.3427480553394238        1.3217424624869494     
  -1.6166484753541170       -1.3581514765480140       -1.3980682903344013     
   1.0353370106525777       0.39189261651561430        1.0656375915676151     
   1.3335336017080794       -1.3141881660853278       0.11421901785278291     
  -1.4005971368093575        1.2921608547022629        1.9960426503905708     
   2.0764632483070495       -1.9896506781744658        9.3974856757439176E-002
  -1.4088074656178631      -0.12016686640898305        2.0212046254615457     
   1.3194383890299124       -1.2858974039341193        1.5844690301225983     
  -2.1252710446113752       0.59120753146027161        1.9212439740697180     
   2.0620188162027850       0.81420372301034738       -1.4390260295486903     
  -1.5672730852307684      -0.63438407187493240       -2.1002755442916934     
  0.57548607059621404       -2.0520347257073279        1.5160610773592609     
   2.0667599643565548      -0.59038409315731777       -1.3571870130136727     
 -0.66670326334918983        2.0591835989012117       0.58626176903896576     
 -0.12332591511015852       -2.0408187796885131       0.78661875248973379     
  -1.3315854485676790        1.3093732862458258      -0.92265178188794239     
  0.78097613402750199        2.0613217976935534       0.60788449803706468     
  -1.1142276128217781       -1.0937674826088644       0.32084036529053406     
   2.0280066369059058       0.86116338008750570       0.11010621642182510     
  -1.5855304262684911       -2.0859463996910934      -0.63255561318982123     
   2.0835944890726688      -0.61689511147659304       0.14382034280939365     
