  -1.5032894036345752        2.0493909405253388       -2.0647939076527630     
   1.6908672555195008        1.3875088830335172        2.0646331655249126     
  -2.0505629912056227      -0.89243067271601872        2.0654871169066924     
  -1.0184494718621659        1.1558787626096947       -2.0648562592215907     
 -0.90531477550561812      -0.60301185998735640       -1.3183995252297831     
  -2.0505610184313992       0.63214406108423626      -0.84504614201411365     
 -0.87367865766350972       0.11891725370166904       -2.0650369149753804     
  -2.0512832922931930      -0.10710077758551087      -0.10618400907784227     
 -0.85406122901552317       -1.3202373309230253      -0.58717084970431255     
 -0.63869033358761373      -0.83394664179658351        2.0654479198698876     
   1.1206268150051115        1.1137125915854271       0.40058746410762314     
   6.1421431504512632E-002 -0.11314687238742353        2.0654349532022294     
   1.6689629548509373        2.0481905339391546       -1.5966820683523881     
 -0.59496019620477147        2.0490224810443363      -0.77951139351233933     
   1.3400767089639887       0.17201986811280684       -1.2915099655508986     
  -2.0515670182776522        1.3583440241332008       -1.5686977113093339     
  -2.0512723054829451       -2.0485188660349900       0.38146249559233703     
 -0.81452233474599678       -2.0489121084433419       0.11629452421764729     
   2.0510046019687467       -1.2844954856820074      -0.57566928980065624     
  0.69267782001264921       -2.0484973219960043       -1.3314356610571942     
   2.0512852860259665      -0.60062658140178027        2.0650485116728148     
 -0.60902352753316180       0.60913224076404382       0.63744852917403971     
  0.61073904126654033        2.0486956141097492       -2.0649428071013807     
  0.35295095830589673       -1.0851415954627135        2.0655172977756719     
  -2.0496333984887838       0.61527206330580564       0.61613685295548359     
  0.10788496141413556        1.3433227073541274        2.0629853738738944     
  0.10662010741484207        2.0489766024563525        1.3335193733901967     
   2.0514732330588252       0.42064823240549920        2.0651968628537816     
 -0.48599043800698100        2.0491883328414753       -2.0643536185308067     
  0.87580756106786095        2.0478798063961241        2.0654164385189828     
  -2.0512284372667748      -0.36697977713114427       -1.0742056975016505     
 -0.62650267983211494        2.0491546285127926        2.0646882779255509     
  -1.3367557387528490        1.3209137624994969       0.61488806584137301     
 -0.38936524740434003       -1.0620534782759221        1.1038966274219439     
  0.38554296371376295        1.0862992512196343      -0.31755006112993733     
 -0.60942176746308796        1.3328440008146452        1.3557888500389785     
   2.0512413453038700       -2.0494266818145350       -2.0649187089459220     
  -2.0515557267729267        2.0494282076536097      -0.80054482740140043     
   2.0502327191351672        8.6692405729792740E-002 -0.58240134388892040     
 -0.16864054968852621        8.9289518142060861E-002  -1.3492358381732434     
 -0.12822944463885497       -1.3105770328682906       0.14205151874381639     
  0.63460666762217433       -1.3481210579390590      -0.59268936876479794     
   2.0509422361436771        2.0494252129233739       0.35833936292450624     
  -2.0514744189859968       0.39661355602276327       -2.0654717964120981     
  0.35086878269654470       0.36402811954759323       0.38200657756334222     
  -1.1060162257677668       0.35425904249243717       -1.0892965182615229     
 -0.91164849093040123       -2.0489079023331764       -1.2851574176933900     
 -0.39670610474106160       0.34274078126365420      -0.35125349137548878     
  -2.0506327659834520       -1.0874225237851831      -0.37664468692600783     
  0.61360208812840100       0.88188369119074794       -1.2869241876962270     
  -2.0513045894454844        1.3364864740480289        1.3553761321284281     
   2.0508463808467994        2.0491076225580396        1.3817345794535933     
   1.2882786362301291      -0.60843035841146242       0.87737083692404938     
  -2.0512865153078903       -1.5988532368827364        1.2788804866469037     
  -1.0851613778177891       -2.0486643198205061        1.1146522029120525     
 -0.33869765796553225        1.0883584061012226       -1.0301133860998279     
 -0.15891938042708870      -0.62210653936588678       -2.0649999243695270     
  -2.0501430948903798      -0.85253121963174250       0.59885977023373560     
  0.10829180461579715        2.0491417476317779       -6.7275929502019036E-002
  -1.5440608562114033       -2.0490368546688682        2.0654897831155781     
  0.62881023476542464       0.20583662457231242       -2.0653753402896697     
   2.0512155545720172       -1.3241541906688312       0.89224259899274239     
 -0.36570329364089915      -0.35459389289439613       0.38940459941899802     
  -2.0514437973907542        1.3217670145027662      -0.10816991481707763     
  0.10228067037720760       0.62159304516090119        1.3640911896511689     
  0.34472310317132698      -0.33857339628800631        1.1083441872424487     
   1.0808542236053307        2.0483229926339424      -0.33165069292170224     
  -2.0507301554542732        2.0488438783378471       0.63164642899387702     
  -1.3400715318192200        2.0486399420610408        1.3404080060259149     
  -2.5863360415196081E-002   1.0213600198787045       -2.0653728659610842     
  0.10226199317302172        1.3193836428131100       0.63653326681864020     
   1.3373657457140158       0.14258827370931235       0.15026278976201693     
 -0.87532536768645552       -1.3820267074008550       -2.0643029790891951     
   1.3392898330084544       -2.0489004272367173       0.88948677213608962     
  0.59640762521013335      -0.60892670523984493       0.14305815153933468     
   1.3615015690595242       -2.0481433555266437      -0.57482338394839017     
  -1.3366710505473227        2.0487386925816433       -9.9513490566578044E-002
   2.0505890016667023       -2.0491409951291599        2.0644943844111272     
  0.63562707978856292      -0.57018284863913749       -1.3304343201736628     
  -1.3552478957798939      -0.82745455597061968        1.3314296261681977     
  -8.7695604418615528E-002 -0.61920543348303669      -0.63383377225126802     
 -0.38722513059001890       -2.0457121328828207        2.0653407831961750     
  0.55886730722566402       -1.3126117610833881       0.87571462234462882     
   1.3061367181664263      -0.58629155361013918      -0.56396375388329978     
  -2.7410773249989927E-002  -1.3217110173924578       -1.3489468804546174     
 -0.14569561431646744       -2.0492132356798698      -0.63076279609149555     
   2.0511908218579245        2.0480767652460856      -0.65087349687563856     
  -2.0501743923349864       -9.5624270293766980E-002   1.3375440446092488     
 -0.63124060828066209      -0.11727228437440981        1.3431024020615163     
  0.64905237746239408       -2.0485252416539548       0.15938160126657624     
  -1.3346322780941380       0.60635466021601014      -0.10474682880197651     
 -0.60967079634656007        1.3305543827880422       -8.2676607575046301E-002
  0.84470643491909125       0.63148736378242232        2.0651773235239959     
  -1.3314129748841392       0.60376489779308162        1.3633133832682105     
  0.41587329548316559        2.0490774615145142       -1.0818151164977849     
   1.0754468471665968      -0.34373863526946963        2.0643579775036858     
   2.0492458798824695        1.3953126329450958E-002   1.0813686533288549     
   2.0505656171855464        1.0469798879628578        1.1737372697522075     
  -1.1072515313221698      -0.36424011711516541      -0.35831249702751156     
 -0.61769073241042416       0.62137295079737787        2.0651194372378083     
  -1.3517212955109357      -0.12211796203944195       0.61328713331792395     
  0.60289653364786722       0.13427108551903005      -0.56841503099807844     
   1.3430904808080346       0.87598155741510852      -0.58108718426087436     
  0.84404620047367873        1.3363728200640910        1.3505762148769795     
  -2.0509129549505563       -1.3417863025296666       -1.3735540576482608     
   1.0863136220494882       0.34568246051137791        1.1108286437283210     
   1.3280713704108382       -1.3042928975059236       0.15735938105723454     
  -1.3409558542523197        1.3271882004380517        2.0647582347570532     
   2.0506043614267839       -2.0471156304628657       0.15049426456760565     
  -1.3442799152237035      -0.10859930511353265        2.0652860865468181     
   1.3345417756490070       -1.3247542074790679        2.0653000781012087     
  -2.0513591854904401       0.60722483228612223        2.0650649991876167     
   2.0505599424430478        1.1087925168247801       -1.3507620513278347     
  -2.0513641004658640      -0.61124144765157662       -2.0648806646265991     
  0.62698487305504536       -2.0486020861077621        2.0629609789040178     
   2.0490539529097478      -0.54618834839313402       -1.3644659803624239     
 -0.63911931405863609        2.0493212611928207       0.62533041178588999     
 -0.12306508863718373       -2.0490485885744945       0.83909178278308083     
  -1.3224059602382023        1.3478427382843547      -0.83599308838758168     
  0.85379726543243195        2.0477711488175254       0.64542237091400589     
  -1.0793014510065893       -1.1028666992078691       0.37872655731384597     
   2.0507725594177786       0.84961523308112452       0.13624037082135129     
  -2.0514364965938068       -2.0492576568462972      -0.65385012133537490     
   2.0508538068836550      -0.58774241053613308       0.20989017290896342     
