   2.6748276152660200       0.28408385336422309       0.70045681536292270     
   1.8211020319658642        1.2213626078147843       0.83698090105639322     
   4.3779644824943148E-002   2.4001188679895629       -2.1249311463739011     
   2.4001634341836593      -0.17039434281352508        2.4366550675333278     
 -0.94511234030132474        2.3228395255006142       0.63030002813257213     
  -2.5278254200292278       0.48210976377463433       -2.4461147519393029     
  -1.4830841814750757        1.8557998221065215        2.5449737098661847     
  -1.5522884826690344        1.3127097863812118      -0.69247398135242655     
  -2.0034568255927163       -1.0098064652371304       0.39917609479837585     
  -1.2268535167342740        1.3416698492410870       0.42908339321378891     
   2.6098972670421050        1.3774944236760600      -0.97472930067392360     
   1.4642260065613018       -2.1653728694356706       0.50678192278538559     
  -1.2595908849068169       -2.4119239040816858        1.3479725729786602     
 -0.30796571844090026        2.2001562093758804        1.9246349383299779     
   2.4955133388498005      -0.72999392694856757       0.57779676753086751     
   1.3290182230645822       -6.3360504923907407E-002   2.2838475958572322     
  0.82716271858935619       -1.0931906885215277       0.79378498182856860     
  0.66723272082061102       -1.2035289696999691      -0.19039658952400515     
  0.92451069729131052       0.36193409221424683      -0.12160614210051825     
  -2.0702995068561090       -1.1174667122291213       -1.2840386390483471     
 -0.56677843878816470        1.0508808507867426        1.2112185407764235     
   2.1567286080349235       0.98487928105857225       -7.6825227878662847E-002
  0.23993329425001753      -0.13647345510578135       -1.1088592868272653     
  0.92916228750814123        1.8787074582192678       -2.3634841888240139     
  -7.1180365877410140E-002   1.3063651686379296       -1.9313047755401429     
   2.2804361911832864        2.3370875661246728      -0.90658347413760476     
 -0.99783174112934225       0.53622684165677126      -0.21205638885283618     
   2.6806352461916401       -2.3653156867360132      -0.17357673572862889     
  -1.6040870941115202      -0.64783602733825585        1.6246668871521044     
  0.75052887251264055       0.90143778225050053        1.8606788496978381     
  -2.3339771142653922       0.87341815707846893      -0.19887795030666175     
 -0.75672542552928612       -9.4702447409790877E-002  0.60888187538171168     
   2.6896686279628121       -1.5326572591690761       -2.0597802126729845     
  -2.4172580381402167       -2.1722613794246812        1.3429622451404259     
  -7.4795559716786128E-002  0.21323003350867345       -2.2476525743182703     
   1.7128232390239870       -1.5459319327319390       -1.3007066926700399     
  -2.5836513391246188        2.3048383956752505        2.4301634842468220     
  -1.6146553210902428       -1.5791873540438779        2.0112036630338834     
  0.13409509320024784        1.0545127278174016      -0.58064843876619698     
  0.16288796543191617       -1.0980434382481898       -2.5442626171659741     
  0.68501624985027088       -2.1344101879582897      -0.63494956971525429     
  0.13034541490015558      -0.42669856487732211       0.21164538284692436     
  0.56374506595838680       -1.5553461548236758        2.5333825363590181     
   2.6683000515728854        1.3207487779932738        2.3379360115040684     
  -1.7687921782976963       0.40546580094846973       0.95033613875870704     
 -0.21862114020417495       -1.3352291337015612      -0.76094909616972140     
   1.9626332788195344       0.98899379367263618       -1.8162923980811261     
  -2.0891709787166124        2.3613372172447575        1.3081532547803496     
  0.64990324981820435        2.2575146314829908        2.4063240412072613     
   1.4004720938414268       -1.8624351937823782       -2.4070216674634626     
   2.3789293369205380       -2.4125728990786017       0.89320590797942989     
  0.15286034672486895        2.3103694478748240       0.28487915915230388     
   2.5120357431778109      -0.94924451033698876       -1.1078304145469953     
  -2.0928200650254878      -0.47151369933261550       -2.1733583818105844     
  -1.5195575304933060       -3.2137253015770112E-002   2.5104360810223842     
   2.1746545462956450       0.61004311368250375        1.6132605071884751     
 -0.74185622977800680       0.46142050972483833       -1.1997585903332215     
  -2.5699432507835063        1.2065741205997151        2.3547656621106205     
   2.6529278017130311       -2.0846912708850232        1.7993544797999690     
  -7.4795844921034568E-002  -2.1561578032354825       -2.5506428053764481     
  0.27515844934249040        1.7779279221670654        1.1488368609675228     
  -2.5146574912550563        1.4559813842372056       -1.5946096871333584     
  0.38425336101869267       -2.2824191220286987        1.5261794053529882     
 -0.90906902656159538        2.2951682868781660      -0.42526204138351847     
  -2.6337233231898991       -1.3633243917410756      -0.41167520170292848     
   1.0005115839733107      -0.65673563298090221       -2.1720379713632409     
  -2.5992226730483381       -1.3721425391148843        1.9196675728307933     
   1.4148935647116447        1.7163449956386101       -1.1620939605495222     
  -2.1150397523306101        2.3813744535184713       -2.0796340372971951     
  -2.1593110344967976       -2.0490146558536830       0.36834567121571010     
   1.5453244472252257      -0.44236692274645900        1.1401956131211126     
   2.4881110426151416        1.9625503396808071        6.8596729039389168E-002
 -0.80062873467189399       0.12757188142281337        1.5867376577131265     
  -1.0802080527538769      -0.63272690627946016      -0.29875843077172598     
 -0.47897047348271948       -2.2717667024464738      -0.11503135017312870     
   2.1693301646504999       -6.9884197940182732E-002 -0.31328505365381010     
  -1.4702803924757888       -1.3446827147584395       -2.2898565431567155     
   1.3161682610357468       0.36919453364681115       -1.1808592735562757     
  -1.2944942779027895        1.4979570881129189       -1.7284556563694249     
   2.6513479403758584       0.19856124621041141       -1.2285232941861224     
  -1.6699973278495190       -2.4063485565345473       -1.6695341318208443     
  -1.5095021951079841       0.91981732828964458        2.0316697459214579     
   1.6743699922076312       -2.4234581458827944      -0.57006749712399185     
   1.9867663649860223       -1.5575402424639688      -0.10369462531304471     
  -2.5587168791306478       -8.5008378097732845E-002  0.21388373744419065     
   1.2044950032773603        1.4134237831466090      -0.19983972964767330     
   2.3829167047939523      -0.45302968006783489       -1.9676125065530536     
  -2.5255206926375884       -1.6882149356890024       -2.5520375332081917     
  0.68856400143807295       0.22698760529890857        1.0003306497650331     
  0.48934137774896819      -0.39500489971489866        1.8466412971453317     
  0.55498267009741198        2.2330802168415986      -0.74441701924918424     
   2.3922239158430836        2.2832494255790521       -1.9799026567316327     
   1.3581207862934814        1.7947418190710824        1.5677093309896466     
   2.6590177235862567       -2.3711028048424989       -1.5089098504634688     
   1.5174943961626219        2.3654283658916437      -0.14784352534147324     
  0.42787096079400494       -1.2061070450502267       -1.5201575653161865     
 -0.63105633580705256       -2.4142429859770509       -1.1661001072951476     
 -0.10421688926740352        1.2706712482726277        2.2922043745767908     
  -2.5037805999585232      -0.48294214977812683        2.4015806356812321     
  -1.7407918186309883        9.6433818943154406E-002 -0.85063302648685302     
  -2.2835808246594778       -2.2076857997868355      -0.84948110761146212     
   1.0801756454118032       0.73717964261285707       -2.2856434240469290     
  -2.5830999271268626      -0.25856989230467753        1.3788999852449575     
  -1.9586726435413706        1.4367949876127499       -2.4845883701096181     
   1.9886899882746150        2.2194104550727713        2.4738340249169695     
 -0.73898497591145695      -0.73583487313080564        2.3662708430462218     
  -1.0724409739842333       -1.0547356197231228       0.77124759468715864     
   2.4482689649957941       -1.1847675422562221        2.5254155995542069     
  -2.6429188920704658       0.32304197456740902       -1.4636520307068905     
   1.0886347961989435       -2.4111966770299729        2.3533932828920925     
 -0.25336566253445914       -1.3044720011212401        1.3583560485552058     
  -1.1537713005940606       0.17779578237289767       -2.5311235581260059     
   1.4346556202768483       -1.5870076108367721        1.5611820938754370     
  -2.5164079162301287        1.5892553219354419       0.77121160725061699     
   1.3845321570800535      -0.75090253765330472      -0.74120330669068013     
 -0.52924527648185482       -2.3286492586928609        2.4467579088973741     
  -1.2338326279924088E-002  0.26459558788639892        2.4883129973157097     
   2.3513043708400252        2.3633717854519318        1.4065273772833595     
  -1.7298668209648767        2.2298267915134304       -1.0862827322410626     
  -1.8512167939837880        2.0592724486897613        2.2337139128761792E-002
 -0.90986218722494216      -0.74376206207075435       -1.3851158332805225     
   2.5951255191761082       -1.1097172331145666        1.5005914838395205     
  0.39064156094806241       -1.9719966891351333       0.53819354592137036     
   1.5672941536576048        1.2638449441574802        2.4342200456130501     
